10134113371500000000000000
41102071891852021820000001
00000021116915713111810832
13209607406104802200000031
00000001101901504216121613
99519951249999283094121592
00030000000001000000000000
00000000000000000000001606
16071609161016112801016174
16081617161616141605160400
33000022043960267050001077.3
00000000004802020006100108031
00000000003108016004100100000
00000000000515528108100100000
00000000000000000007500100000
00000000000000000003905400000
00000000000000000000000000000
00000000000000000000000000000
00000000000000000000000000000
~~~~
11.60
8.27
9.091
18.82
0.526
0.06
1.299
48.68
127.1
7.39
