10131109357970000000000000
44100001251361341360000001
00000000000000000000000053
11910009208908508400000001
00000001200102903000000028
04050710070402071002111511
04010101020101010202010101
01020201020303020200201624
1525152715291530270701617$
15261534153315311523152200
1400015684355028805000107031
00000000004841517806100114017
00000000003116026105200100000
00000000000905526004113100000
00000000000000000000000000000
00000000000000000000000000000
00000000000000000000000000000
00000000000000000000000000000
00000000000000000000000000000
~~~~
2.136
8.29
3.01
9.87
0.548
3.58
0.346
10.29
88.31
N/A
