10123114001800000000000000
41100001851651631560000001
00000000000000000000000043
15411710509809108600000041
00000012709302902800001477
12852115131412191333121455
00020000000001000000000000
00000000000000000000001469
14701472147314742801716174
14711479147814751468146700
0990012504834026065000107031
00000000003971512094700104434
00000000004502515006200114017
00000000000905030004100100000
00000000000000000007600100000
00000000000000000000000000000
00000000000000000000000000000
00000000000000000000000000000
00000000000000000000000000000
~~~~
8.259
6.682
24.37
3.344
0.583
3.99
0.346
48.62
7.80
N/A
