10121110404910000000000000
42100001261481511451430002
00000000000000000000000011
11809609409108708400000032
00000053853803204200001420
17211323142919171113131401
02010101020202030405050000
00000000000000001251251416
14171419142114222801716174
14181426142514231415141400
1400035654871015035000114017
00000000003904$15007400107031
00000000004531012064800100000
00000000000903213006100100000
00000000000000000005900100000
00000000000000000008100100000
00000000000000000003913400000
00000000000000000000000000000
00000000000000000000000000000
~~~~
11.22
5.738
3.83
0.546
1.453
0.703
7.69
1.923
12.22
N/A
