10124115401800000000000000
44100001781221231200000001
00000000000000000000000050
13412610709708908100000021
00000001001103104100001502
41563616170829381525151481
06030303020202030201020102
01010101020301010300301498
14991501150315042801716174
15001508150715051497149600
3991612220504028085000104434
00000000005013527095200100000
00000000004381520037200100000
00000000004810609126000100000
00000000000000000000000000000
00000000000000000000000000000
00000000000000000000000000000
00000000000000000000000000000
00000000000000000000000000000
~~~~
11.04
7.625
55.38
16.02
0.583
1.258
0.110
93.57
85.11
N/A
