10122111551300000000000000
41101971721631711530000002
00000020919617315413610020
13810509308107707400000010
00000002602403503714481449
99503899699977849989121428
00010000000001000000000000
00000000000000000000001442
14431445144614472801716174
14441453145214501441144000
2600005304503826905000107031
00000000004802020405700100000
00000000004405025004700100000
00000000003102522706100100000
00000000000000000006200100000
00000000000000000007600100000
00000000000000000005900100000
00000000000000000007500100000
00000000000000000005200100000
~~~~
11.04
8.29
3.429
0.598
0.291
0.11
0.04
6.83
13.58
N/A
