10132111011300000000000000
41101811221531581440000002
00000021013412311310509932
11309709208607907500000012
00000010109001001515581559
78443540273340999931131537
00030000000002000000000000
00000000000000000000001552
15531555155615572801016174
15541563156215601551155000
1991611554892020403900124033
00000000003917024148100107031
00000000000903019005000100000
00000000004300302005900100000
00000000000000000006100100000
00000000000000000003700100000
00000000000000000004700100000
00000000000000000000600100000
00000000000000000000000000000
~~~~
11.21
9.08
29.64
7.89
2.476
3.69
0.645
25.27
12.62
N/A
