10111116009300000000000000
41101691651531481500000001
00000015513512011811110402
13812110808407506600000051
00000003702204103813931392
68719931331051583153101374
00000000000000000000000000
00000000000000000000001386
13871389139013912701716184
13881398139713951384138500
3990032024541616045000214017
00000000003913017501755180033
00000000004852820306100200000
00000000001705027005700200000
00000000000000000000141300000
00000000000000000000000000000
00000000000000000000000000000
00000000000000000000000000000
00000000000000000000000000000
~~~~
11.23
5.98
3.44
0.21
4.43
0.11
0.162
8.82
7.83
N/A
