10133112001100000000000000
41101681221341210000000002
00000016615713010710008755
11510609308408007400000021
00000008511401001315851586
66352061998167997727121565
00010000000001000000000000
00000000000000000000001579
15881582158315842801016174
15811590158915871578157700
3300002204396026705000107031
00000000004802020006100108031
00000000003108016004100100000
00000000000515528108100100000
00000000000000000007500100000
00000000000000000003905400000
00000000000000000000000000000
00000000000000000000000000000
00000000000000000000000000000
~~~~
1.45
7.125
6.53
0.20
1.406
0.608
0.04
155.0
19.45
N/A
