10224113203701700000000000
43100002041241301221090971
09410200000000000000000081
11910610308107406400000021
00000006314000000000003184
00060506040505050906113165
00000000000000000000000000
00000000000000000000003180
37613185317731791445723890
30763187318931823188010600
3400011402552014014700222002
00000000008000000005700206404
00000000003933314084103500000
00000000008300000005000200000
00000000004813418006653100000
00000000004533513030000000000
00000000000000000000000000000
00000000000000000000000000000
00000000000000000000000000000
~~~~
6.250
8.35
24.59
16.42
0.13
0.13
N/A
11.11
82.12
N/A
