10222110214000000000000000
41100001071260781170960931
08608600000000000000000011
12510209308608308100000041
00000005816206106500003127
52676445322928561811103115
00000000000000000000000000
00000000000000000000003130
31313126312831291445723890
31253136313431323137313500
3400011404443322158100222001
00000000004531007105700200000
00000000003114022077400200000
00000000001729026205000200000
00000000000000000003900200000
00000000000000000000000000000
00000000000000000000000000000
00000000000000000000000000000
00000000000000000000000000000
~~~~
2.207
5.750
6.88
0.20
0.088
1.110
7.90
9.722
19.41
N/A
