10235115366401300000000000
42102532497851831791791781
17617322024417016815014553
15114814313112011300000050
00000022722400201000003306
99999597949899999899103291
25203035404545409530200000
00000000000000000250423306
33073302330333041445723890
33013302331133213310330900
0000000001391004007400208331
00000000000000000003903500000
00000000000000000004103500000
00000000000000000006500200000
00000000000000000000000000000
00000000000000000000000000000
00000000000000000000000000000
00000000000000000000000000000
00000000000000000000000000000
~~~~
N/A
7.064
44.70
0.11
2.489
0.725
0.132
41.48
48.57
N/A
