10211110593980000000000000
41101852091521501481481481
14814718720520017616816054
19519414613613413200000031
00000005804601200030803081
38786376928767318888123061
00884045505555504540350401
02C20303020201040681023078
00703070307630771445723897
00700080368630820085306700
3990032024541616045000214017
00000000003913017501755180033
00000000004852820306100200000
00000000001705027005700200000
00000000000000000000101300000
00000000000000000000000000000
00000000000000000000000000000
00000000000000000000000000000
00000000000000000000000000000
~~~~
N/A
5.97
3.69
0.17
N/A
N/A
N/A
166.3
16.58
N/A
