10231111201100000000000000
41101631681671621651641642
16316218417917214613212912
14014012812512612100000002
00000006204400400132103211
67259920733829369945123191
00000000000000000000000000
00000000000000000000003207
32083209320532061445723890
32043215321732123216321400
2050001264362720033900222033
00000000004032514074700208031
00000000001333316088100200000
00000000003931109075700200000
00000000000000000005000200000
00000000000000000000000000000
00000000000000000000000000000
00000000000000000000000000000
00000000000000000000000000000
~~~~
5.375
5.98
2.40
18.88
0.710
0.07
0.117
11.74
18.62
N/A
