10234104156801500000000000
41102552441631591501611602
16015825424021718717315732
24722020118717716400000031
00000005413301500132783277
66907553689987606771103264
00000000000000000000000000
00000000000000000000003283
32843275328132821445723890
32743289328732793286328500
2990011403956024033903522031
00000000001322014204103508031
00000000001723413107400214037
00000000000912619005700200000
00000000000000000000000000000
00000000000000000000000000000
00000000000000000000000000000
00000000000000000000000000000
00000000000000000000000000000
~~~~
4.107
9.04
44.24
19.01
0.563
3.69
0.04
41.08
15.92
N/A
