10221109214000000000000000
43100001291311261261261252
12612600000000000000000001
10611310409308207900000001
00000005715804203700003107
20211713141250234333113090
16102045506060504520100101
07141717140100011301603105
31063102010331041445723890
31013110311031083112311100
1404131523916217005900218434
00000000004664004004700208031
00000000004421714075700200000
00000000003116218005000200000
00000000004562012020000000000
00000000000000000000000000000
00000000000000000000000000000
00000000000000000000000000000
00000000000000000000000000000
~~~~
1.48
5.98
4.16
0.20
N/A
N/A
8.67
9.95
17.52
N/A
