10232112001600000000000000
00101911801881901881881881
18718118418015616113612334
18013612911211009900000021
00000005806600201132383239
53221415181623196650103219
00000000000000000000000000
00000000000000000000003092
32333235323032311445723890
32293240324332363241324200
3402611504432312105000214033
00000000003211714003900200000
00000000003132716154700200000
00000000004521308104100500000
00000000000000000000000000000
00000000000000000000000000000
00000000000000000000000000000
00000000000000000000000000000
00000000000000000000000000000
~~~~
8.385
5.853
6.91
0.17
0.302
0.374
1.895
10.63
49.81
N/A
