10325114001702700000000000
52100002042152241641460002
00000000000000000000000001
04023421719016315100000000
00000000900800000087628764
036E7490355370675741100001
03020202030502020203040000
00000000000000009999998756
87588761876087592758371141
87578770876987658767877300
3150001013973313026100201434
00000000004620808037400207031
00000000003211818105200200000
00000000000000000008100200000
00000000000000000004700200000
00000000000000000000000000000
00000000000000000000000000000
00000000000000000000000000000
00000000000000000000000000000
~~~~
11.04
5.99
3.62
0.20
1.82
0.678
0.03
11.93
8.814
N/A
