10322110203900000000000000
11101991600561521581580001
00000014611209307606705142
13112310908906706100000021
00000009607200000086808681
34305150477953201624100001
03020202040501020305050000
00000000000000009609008673
86768677867586742758371141
86728686868786828685868400
2100002374380503016000008333
00000000004905324125000200000
00000000003101319008100200000
00000000000000000000000000000
00000000000000000000000000000
00000000000000000000000000000
00000000000000000000000000000
00000000000000000000000000000
00000000000000000000000000000
~~~~
9.03
5.99
3.24
0.574
0.570
0.639
0.03
10.29
55.50
N/A
