10324112401802800000000000
42102472092031891801751652
15714828325522120519517310
00518517016615413900000000
00000006706900000087508748
99918399979095968799000000
03020607081005060708100000
00000000000000008507908746
87448738874187422758371141
87478754875387398752875100
1000002583912410068100214017
00000000000912114054613100000
00000000004671$11020000000000
00000000000000000000000000000
00000000000000000000000000000
00000000000000000000000000000
00000000000000000000000000000
00000000000000000000000000000
00000000000000000000000000000
~~~~
2.471
5.944
4.44
0.20
2.473
0.700
0.04
10.31
49.67
N/A
