10333111403102100000000000
51101651651481590000000002
00000016313812611811611100
12811310310009709600000002
00000012912200000085548553
45633220542627213929000000
00000000000000000000000000
00000000000000000000008558
85598562855785562758173141
85558569857085608568856700
10000322840934250047002074$7
00000000004310908028100200000
00000000000000000006900200000
00000000000000000000500200000
00000000000000000006000200000
00000000000000000004824300000
00000000000000000000000000000
00000000000000000000000000000
00000000000000000000000000000
~~~~
2.242
6.740
120.9
16.76
2.208
1.045
0.05
99.73
240.3
4.750
