10334113101300000000000000
4110218188199171000-000002
00000020320620118616915612
17514916215414514400000002
00000004104100000085798578
99789299999924996324160001
00000000000000000000000000
00000000000000000000008574
85758580857785762758173141
85738586858586878582858400
1010034630520607083903509031
00000000004340907038100211031
00000000003112418035000222031
00000000000000000006600200000
00000000000000000000000000000
00000000000000000000000000000
00000000000000000000000000000
00000000000000000000000000000
00000000000000000000000000000
~~~~
3.333
5.98
3.95
0.14
1.90
0.660
0.04
10.50
19.17
N/A
