10311116051400000000000000
53102172141711221010000002
00000013512210809108608022
14212711910910108900000001
00000008206300000085578556
09838863384603213014090001
00000000000000000000000000
00000000000000004104208553
85618559855485602758371141
85528567856085688564856300
39900320245416160450002146.1
00000000003913017501755180033
00000000004852820306100200000
00000000001705027005700200000
00000000000000000000101300000
00000000000000000000000000000
00000000000000000000000000000
00000000000000000000000000000
00000000000000000000000000000
~~~~
6.250
8.34
47.47
6.100
N/A
N/A
7.37
46.55
7.111
6.181
