10321109233900000000000000
42101481381461320000000001
00000011811210309607907222
11109609008807607500000031
00000000600000000086588659
62586378798089668170090001
03010102030301010203030000
00000000000000003403308662
86618660865786562758371141
86558668866786638666866500
3230011363930528006600005800
00000000004371216010931108100
00000000000000000001224400000
00000000000000000007400200000
00000000000000000005000000000
00000000000000000006000200000
00000000000000000000000000000
00000000000000000000000000000
00000000000000000000000000000
~~~~
1.48
7.019
3.94
0.702
1.452
0.541
0.05
N/A
12.92
N/A
