10332110533300000000000000
12101811561621700000000002
00000016013912712211911532
14012412011011109900000002
00000017120400000085388539
99999355998951626493000000
00000000000000000000000000
00000000000000000000008542
85438540854585442758173141
85418551855085468549854800
1010034343984227034713100000
00000000004500402026600200000
00000000000000000000541100000
00000000000000000000724100000
00000000000000000000641100000
00000000000000000006900200000
00000000000000000006000200000
00000000000000000000000000000
00000000000000000000000000000
~~~~
5.071
5.99
4.90
0.15
2.761
4.07
2.92
10.76
10.34
N/A
