10323111421601200000000000
51102101781590551521480002
13913823821720818417517000
17015714814313713500000000
00000007407400000086968697
63293656816063659157100001
03000400070903040007090000
00000000000000001080008691
86928695869086892758371141
86948702870187038698870000
0010002204683411053913208374
00000000003902111064824107374
00000000000912012065200200000
00000000000000000006000200000
00000000000000000002724100000
00000000000000000000000000000
00000000000000000000000000000
00000000000000000000000000000
00000000000000000000000000000
~~~~
6.667
5.98
6.35
0.21
N/A
0.509
0.04
7.353
16.27
N/A
