10411115553801870000000000
44901601551501571501480001
00000018018117817617016911
17815114714313912900000012
00000018817600909108030802
00000000000000000000090790
03000202050403030405050103
02000103010201020160190803
08040807080908106574812110
08080800080100000799080500
39900320245416160450002145.6
00000000003913017501755180033
00000000004852820306100200000
00000000001705027005700200000
00000000000000000000101300000
00000000000000000000000000000
00000000000000000000000000000
00000000000000000000000000000
00000000000000000000000000000
~~~~
1.49
5.85
2.97
0.118
1.125
1.139
N/A
11.36
20.00
5.692
