10425115093701270000000000
41901871801821841811781762
00000019822721320719418642
18016716515314413300000012
00000015714705102708960899
00000000000000000000070883
02040606060601010203050000
00000000000000007869990000
00000900090309046574812110
00950902089800000894089300
3903101614850703014924104444
00000000003915017102624100000
00000000002910202010141100000
00000000004721511031524100000
00000000003112010010000000000
00000000000000000000000000000
00000000000000000000000000000
00000000000000000000000000000
00000000000000000000000000000
~~~~
5.059
6.536
5.11
0.570
1.90
7.84
0.03
11.60
56.00
N/A
