10434114301402810000000000
41901801601651651651621571
15615321525026525224123211
24719319319218418200000011
00000036118702902809740977
00000000000000000000080978
02040506081004030304040000
00000000000000009996540000
00000986097709676574812113
09730975097000000972096800
3994105613917014028100204454
00000000004962512061900207007
00000000002920101015000200000
00000000004611014102641100000
00000000000000000000141100000
00000000000000000000000000000
00000000000000000000000000000
00000000000000000000000000000
00000000000000000000000000000
~~~~
9.33
5.98
2.34
0.689
0.333
0.685
0.04
9.167
59.27
N/A
