10431108494910010000000000
41901381361721600000000001
00000014914714313913713632
14414314214013713600000041
00000061861713913409250918
00000000000000000000080905
02010101010101010101010000
00000000000000007868890000
00000914091909206574812113
09130923092400000921092200
1300005533154517035013104434
00000000002931503017155100000
00000000004612514054700200000
00000000000911008020742100000
00000000000000000000900200000
00000000000000000008100200000
00000000000000000000141100000
00000000000000000000000000000
00000000000000000000000000000
~~~~
4.444
6.750
2.61
0.658
1.125
1.053
9.32
28.57
48.20
N/A
