10423113303601210000000000
41901821521531521521431341
00000018717714313312010545
10611111411310208900000032
00000014811901802408640866
00000000000000000000080848
00020203050501020202030000
00000000000000009999990000
00000862000000006574812110
08608861086500000859085800
2500002523915018108100008044
00000000004724014075000204430
00000000004801007000131101000
00000000004430513063900207001
0000000000000000000072$100000
00000000000000000000000000000
00000000000000000000000000000
00000000000000000000000000000
00000000000000000000000000000
~~~~
N/A
5.96
2.28
0.17
0.12
0.583
7.08
8.33
41.86
N/A
