10422112243601210000000000
43902252191181201141141142
11311329022318418117616431
21915112711810910400000012
00000001301304601208450846
00000000000000000000080833
42181920211916181822170102
01010101010102012732340841
08420847084308446574812110
08290857083200000831083000
1500052214643010055713104434
00000000004534514035000207001
00000000002921005064900204007
00000000004013512150742100000
00000000000000000003913100000
00000000000000000000000000000
00000000000000000000000000000
00000000000000000000000000000
00000000000000000000000000000
~~~~
N/A
5.90
3.40
0.509
1.150
0.658
0.02
10.35
47.14
N/A
