10424114203701210000000000
41902121721671431530000001
00000021916914113011211142
17116815714313513200000032
00000019837006401908810870
00000000000000000000080867
02010101020201010202020000
00000000000000004932690000
00000880000000006574812110
08750882087900000877087600
0000000000000000000000000000
00000000000000000000000000000
00000000000000000000000000000
00000000000000000000000000000
00000000000000000000000000000
00000000000000000000000000000
00000000000000000000000000000
00000000000000000000000000000
00000000000000000000000000000
~~~~
11.20
5.97
2.94
0.15
0.714
0.266
0.04
35.90
13.79
N/A
