10435115251702310000000000
41902282172091971850000001
00000024827926925823220734
18617816415213912400000011
00000040736301203009890988
00000000000000000000080999
02010102020301010102020000
00000000000000009999990000
00000992099609976574812113
09900991099500000993099400
0000000004953012055713108003
00000000004711513031900204444
00000000004632014120741100000
00000000003112013054924100000
00000000000000000007400200000
00000000000000000002624100000
00000000000000000000641100000
00000000000000000004100200000
00000000000000000006024100000
~~~~
8.053
7.050
5.58
0.679
0.647
1.426
0.03
34.30
87.82
N/A
