10421110183801210000000000
41901491471501501491491391
00000014713511712010910124
13913412811811611300000011
00000000600504500708240823
00000000000000000000090811
03050505050504040304040000
00000000000000005244560000
00000822000000006574812110
08250827082800000820082600
2709822213957016035713104434
00000000004822008055013208344
00000000004610802021924114007
00000000004712512034500207001
00000000002911507020141100000
00000000000000000000000000000
00000000000000000000000000000
00000000000000000000000000000
00000000000000000000000000000
~~~~
3.167
5.85
2.71
0.21
0.605
9.06
0.04
4.808
11.42
N/A
