10433112241200070000000000
41902251861652041460000001
00000024820916614813612942
18516816612912511700000041
00000004607302102409590961
00000000000000000000090946
02010202020301010202030000
00000000000000009999990000
0000095$095609576574012113
09650964096500000963096200
0000000004853018021324108344
00000000001910101051900207006
00000000000512517048100204434
00000000004535020065000200000
00000000000000000006224100000
00000000000000000004100200000
00000000000000000003900200000
00000000000000000004924100000
00000000000000000000000000000
~~~~
6.667
5.98
8.571
18.40
N/A
N/A
0.684
46.37
137.1
N/A
