10524114081602600000000000
41022032020000000000000002
00000035332431631600000012
00000000000000000000000003
00000041000006104226712672
62657171626563676668102651
05000000000101010202040000
00000000000000005303602663
26642662266526664526711810
26612670266700002668266900
2990014000024518026100008104
00000000004A42016018100000000
00000000004644023010000000000
00000000000000000000000000000
00000000000000000000000000000
00000000000000000000000000000
00000000000000000000000000000
00000000000000000000000000000
00000000000000000000000000000
~~~~
9.01
5.86
4.83
0.18
0.524
4.05
0.05
11.11
45.60
N/A
