10521100494910000000000000
44021261261391390000000001
00000012412012212111901744
12412412212111911700000032
00000004546001902000002586
66606264535960616564092570
04020202010100000000000000
00000000000000002322482580
25812584258225834526711810
25792590258700002589258800
0350016404862217048100204444
00000000004521009035700203250
00000000001712712037400200000
00000000003214123070000000000
00000000000000000000000000000
00000000000000000000000000000
00000000000000000000000000000
00000000000000000000000000000
00000000000000000000000000000
~~~~
6.158
5.577
5.12
0.25
4.82
3.79
0.589
11.80
44.00
N/A
