10527116046800000000000000
42020002041911931710000001
00000000000000000000000043
19018517416516216000000013
00000038836902001400002738
65454342465763647989092719
00000000000000000000000000
00000000000000000000002733
27342739273527364527711810
27372740273200002731272900
2990021504682017023900200000
00000000003121813050641100000
00000000000000000004820100000
00000000000000000000000000000
00000000000000000000000000000
00000000000000000000000000000
00000000000000000000000000000
00000000000000000000000000000
00000000000000000000000000000
~~~~
8.967
6.667
4.27
0.14
1.30
8.06
0.05
12.50
1.569
N/A
