10511115406901400000000000
54000000000000000000000000
00000000000000000000000000
00000000000000000000000000
00000000000000000000002556
00000000000000000000092558
00274857739693908887630000
00010100000101001000972546
25472050254825495426811810
25442057254300000567204500
39900320245416160450002145.6
00000000003913017501755180033
00000000004852820306100200000
00000000001705027005700200000
00000000000000000000101300000
00000000000000000000000000000
00000000000000000000000000000
00000000000000000000000000000
00000000000000000000000000000
~~~~
N/A
N/A
N/A
N/A
4.17
N/A
N/A
N/A
N/A
5.692
