10526115451801500000000000
41020001961611560000000002
00000000000000000000000021
08110917316415815600000004
00000030643404704000002718
67779270645581918981092698
00000000000000000000000000
00000000000000000000002708
27092712271027114527711810
27072716271700002714271500
0000000004641709076100000000
00000000005030403005000200000
00000000003922830080000000000
00000000004711615000000000000
00000000000000000000000000000
00000000000000000000000000000
00000000000000000000000000000
00000000000000000000000000000
00000000000000000000000000000
~~~~
11.07
5.83
23.51
16.59
2.478
4.12
0.05
47.05
6.316
N/A
