10525115001900000000000000
41022122041492121270000001
00000013513112611310210034
13813313112812311811000020
00000040036001902126972696
24333133413234452342092673
00000000000000000000000000
00000000000000000000002685
26902684269126935427711810
26822694268800002687268600
0000000004073537053900204005
00000000004872329049000218804
00000000003924240070000000000
00000000000000000000000000000
00000000000000000000000000000
00000000000000000000000000000
00000000000000000000000000000
00000000000000000000000000000
00000000000000000000000000000
~~~~
9.42
5.99
3.01
0.19
0.12
0.02
0.05
10.23
40.87
N/A
