10523111371600000000000000
41021691691691710000000000
00000015114914514313913300
15114914514313913300000000
00000015214701502000002649
65666767666765697072112632
00000000000000000000000000
00000000000000000000000000
00002643000000004527711810
26442650264500002647264600
3080000504522321028103204444
00000000004621816037500203844
00000000004831511050000000000
00000000003123026040000000000
00000000000911718080000000000
00000000000000000000000000000
00000000000000000000000000000
00000000000000000000000000000
00000000000000000000000000000
~~~~
N/A
8.060
186.2
16.50
2.100
0.315
2.47
2.410
52.12
N/A
