10631109370970000000000000
44100001201271271270000001
00000000000000000000000032
12311911811811711600000030
00000001710102202500002132
05110905040306112209232103
05010203030201010201010805
00100302041307050510402096
20952100209720982987151154
00992129213021012127213100
34000122046710130260002804$7
00000000003430005018100210434
00000000000000000004700200000
00000000000000000007400200000
00000000000000000004100200000
00000000000000000004824100000
00000000000000000000000000000
00000000000000000000000000000
00000000000000000000000000000
~~~~
5.010
7.694
4.45
0.16
0.079
7.93
0.306
4.545
12.80
4.72
