106341125013U0000000000000
41102522241681861670000001
00000018617414511911209454
16812311711611210800000042
00000038038001201222042205
99873936741826264368212179
02010203030400000000000000
00000000000000000000002174
21752171217621772987151154
21782201220021722203220200
2302635405034017038000280031
13500315004511008071100270031
10500333004350302015200200000
00000000003113019123900200000
00000000000000000000641100000
00000000000000000000000000000
00000000000000000000000000000
00000000000000000000000000000
00000000000000000000000000000
~~~~
9.07
7.147
5.90
1.604
0.13
0.563
0.158
42.52
89.47
N/A
