10633111457903500000000000
41101721601311341260000001
00000014113212411009508343
12912011310409108500000041
00000001310501202021642165
71445169477937162539092155
02010102020202020203030000
00000000000000000100002199
21502151214721482987151754
21462167217021532168216900
2450011504352010016000280030
00000000002513008008600204004
00000000005021505010100200000
00000000003219919000000000000
00000000004510702030000000000
00000000000000000000000000000
00000000000000000000000000000
00000000000000000000000000000
00000000000000000000000000000
~~~~
5.421
9.03
49.31
16.85
0.283
0.321
0.04
103.2
124.2
N/A
