11122112001300000000000000
41991541661571621311280002
00000016613111609409008900
11014213310608403600000000
00000009909902301812851286
99999999999999999798081300
00000000000000000000000000
00000000000000000000001289
12901283128712882734951680
12841296129812941299129700
26500043048115041001411007$2
00000000004632115025700200000
00000000003152723014924200000
00000000000000000004713200000
00000000000000000004213200000
00000000000000000000000000000
00000000000000000000000000000
00000000000000000000000000000
00000000000000000000000000000
~~~~
4.458
5.85
7.07
8.93
0.12
7.82
0.04
8.54
16.00
7.25
