11124115000000000000000000
44991521520920780930920001
00000015012817209408403322
15012817209408403300000011
00000002002212009013571358
18112176252512317253081345
00010102030202020202020402
03030505030303040170241361
13631354135913602834765190
13531374137513701372137300
09900116048307020181032054$7
00000000000540201015900204046
00000000000920201015003200000
00000000004613327107703200000
00000000000000000000000000000
00000000000000000000000000000
00000000000000000000000000000
00000000000000000000000000000
00000000000000000000000000000
~~~~
2.147
5.93
191.1
0.222
4.07
7.97
0.017
11.89
17.96
4.75
