11133113001508300000000000
41151151151151151151131051
00000011210207607006606343
11210207607006606300000032
00000008608105006000840085
07121015181414171732100073
99010204000000000000000000
00000000000000000000000090
00910087008800891112345678
00860105009900930097009800
01000120247620150581002086$0
01500011110514820105000200000
01300100251730102016600200000
00000000000000000000000000000
00000000000000000000000000000
00000000000000000000000000000
00000000000000000000000000000
00000000000000000000000000000
00000000000000000000000000000
~~~~
11.15
5.78
2.88
0.10
4.33
7.56
0.04
3.125
19.39
6.073
