11123113450000000000000000
41991721721371451280000001
00000013412310809307606321
13412310809307606300000011
00000001902903303913261329
90919892999998999999081309
00000000000000000000000000
00000000000000000000001324
13251318131913232834965710
13171340134313381342134100
19951213039415160212241086$0
00000000004020501105023204444
00000000004613025054203200000
00000000004811002104704200000
00000000003122020056503200000
00000000000000000000000000000
00000000000000000000000000000
00000000000000000000000000000
00000000000000000000000000000
~~~~
4.143
5.93
6.14
0.198
2.017
1.068
0.03
9.04
19.00
6.045
