11134114001501300000000000
43151531531721690000000001
00000011410888507507306644
11410808507507306600000032
00000008207902203001290128
16152227292924433419130115
99010110000000000000000000
00000000000000000000000135
01360130013301321112345678
01310152014201370139014000
00000000047933190481002086$1
00000000003914727206600200000
00000000000000000005000200000
00000000000000000000000000000
00000000000000000000000000000
00000000000000000000000000000
00000000000000000000000000000
00000000000000000000000000000
00000000000000000000000000000
~~~~
9.000
5.625
6.29
0.19
1.152
4.48
0.05
4.762
15.87
6.159
