11132111351903400000000000
41151101101241250000000001
00000007611209806008307655
07611209806008307600000054
00000008207915017000590051
24222728302834363630100041
99041200000000000000000000
00000000000000000000000057
00580052005600561112345678
00530071006600600064006500
02000010205201020111002086$1
03500011024761175028100200000
02500110144811311005700200000
03000011134110203080000000000
00000000000000000000000000000
00000000000000000000000000000
00000000000000000000000000000
00000000000000000000000000000
00000000000000000000000000000
~~~~
11.02
6.737
4.89
0.618
4.09
3.60
0.03
31.25
51.61
6.158
