11121110453305500000000000
54991491481211231260000002
00000015516815814313310500
14411009308908709900000000
00000002412410207612541256
99999999999999999998091243
00000000000000000000000000
00000000000000000000001269
12701252126612672784153690
12531262127112601265126300
39900214009510021012241046.6
00000000003933015026003205046
00000000004811503205903200000
00000000004614030304713200000
00000000000000000004210000000
00000000000000000005003200000
00000000000000000000000000000
00000000000000000000000000000
00000000000000000000000000000
~~~~
8.333
5.84
3.23
0.031
2.280
1.111
0.05
7.53
42.16
6.677
