11125116200002200000000000
51991621611331361361361311
13012911210609909008207632
11210609909008207600000020
00000002602109008013901394
92101911161305060707081377
00000000000000000000000000
00000000000000000000001397
13981387139513962834765910
13861409140814041406140700
00000000046421300252032016$1
00000000004510501014900200000
00000000004840504015000200000
00000000004310702014800200000
00000000000000000006900200000
00000000000000000000000000000
00000000000000000000000000000
00000000000000000000000000000
00000000000000000000000000000
~~~~
11.11
5.87
3.37
0.23
1.74
1.190
0.01
9.94
8.718
6.184
