11131109557913500000000000
44150880881101011110000001
00000008608407907507106955
08608407907507106900000043
00000007707808005000190019
15141618191210091211110005
05010506010101010101010203
05030101030503020500420024
00250029002200231112345678
00210037003200270031003000
04500115232205050181002086$1
05800043014760604024900208003
00000000011712112050000000000
00000000034713714000000000000
00000000010000000000000000000
00000000010000000000000000000
00000000000000000000000000000
00000000000000000000000000000
00000000000000000000000000000
~~~~
9.23
5.96
5.51
0.661
1.375
3.000
0.108
34.09
56.00
6.154
