11221110002101300000000000
43171451091231301211141111
11011012011911811611110533
12011711611210810600000021
00000009208700800901870199
55999924486099484399150205
34010203040502030507100606
11131310141413151802270188
01890190019501962857134130
01850193019801910194019700
23700215031133190039132066.2
16700015694612317035713201334
32600020560113016065013200000
00000000004862615066513200000
00000000001910403016613200000
00000000000000000000000000000
00000000000000000000000000000
00000000000000000000000000000
00000000000000000000000000000
~~~~
9.01
5.750
2.64
0.111
2.706
2.415
0.05
11.65
17.89
6.223
