11232109454900000000000000
41160001140981001171171171
11711800000000000000000033
10510210110609809000000031
00000001001001601700000412
10191008060707070716130393
00000000000000000000000000
00000000000000000000000409
04080407041004112752166180
04060413042204160418041400
39000115031125151037132086$1
00000000004851014027413200000
00000000004622817085913200000
00000000004012215088113200000
00000000003211510050641100000
00000000000000000000000000000
00000000000000000000000000000
00000000000000000000000000000
00000000000000000000000000000
~~~~
11.04
5.91
3.06
0.19
1.452
1.375
0.04
10.23
17.50
6.116
