11222111104901100000000000
41161441331401391431411381
13511512412212111711109255
12612412312011809100000002
00000008609200600702440243
99602697759999996838130226
00000000000000000000000000
00000000000000000000000245
02480257024902502859143170
02400246025502510254024700
36200115048915190181132046$5
00000000004610514016613201254
00000000000000000006013200000
00000000000000000007413200000
00000000000000000005013200000
00000000000000000000000000000
00000000000000000000000000000
00000000000000000000000000000
00000000000000000000000000000
~~~~
9.07
5.82
7.14
0.16
1.392
3.57
0.04
11.23
9.231
6.556
