11231109004910000000000000
41160000910910921161181191
11711900000000000000000002
09108908608408508400000001
00000006207300200300000363
14120603080908080611140377
00000000000000000000000000
00000000000000000000000365
03660364036703692752166180
03620372037503700374037300
00000000040154220857132086.1
00000000004830509016513201434
00000000004933216045013200000
00000000003924121144713200000
00000000004313114010000000000
00000000000000000000000000000
00000000000000000000000000000
00000000000000000000000000000
00000000000000000000000000000
~~~~
11.19
6.625
3.33
0.19
2.875
0.744
0.04
11.38
46.45
6.170
