11224114104900000000000000
43160001521351311261241241
12312100000000000000000001
14914714514113611100000001
00000004003704003700000321
14303029401417171941160328
01020304040303030406040101
01010101020203010000000316
03140320031803192859143170
03150322032403260323032500
00000000048714150147132076$5
00000000004631516036613209031
00000000004003714000524200000
00000000000000000000000000000
00000000000000000000000000000
00000000000000000000000000000
00000000000000000000000000000
00000000000000000000000000000
00000000000000000000000000000
~~~~
5.444
5.83
4.62
0.23
1.296
1.151
0.04
8.84
8.947
6.519
