11236114051702600000000000
43160001431411431411331312
12912800000000000000000000
14114013911911511100000000
00000039037000300400000571
17163534552840293217150552
01010203050601030809100102
02040503040507072302240567
05680572056905702752184670
05660577057805730576058100
39900115248512070247132146.1
00000000003954419036913200000
00000000000000000000000000000
00000000000000000000000000000
00000000000000000000000000000
00000000000000000000000000000
00000000000000000000000000000
00000000000000000000000000000
00000000000000000000000000000
~~~~
3.231
5.86
6.06
0.18
0.321
3.82
0.01
9.68
8.000
6.145
