11238115351302700000000000
41162281981751731521491471
14614620020018413913112421
16615514612411711600000003
00000023022000300406480646
99999999999999999999130672
00000000000000000000000000
00000000000000000000000638
06430645063906402752186370
06370649065006520641064200
31416121439666180566132006.0
00000000001940302015113200000
00000000000000000001413200000
00000000000000000000000000000
00000000000000000000000000000
00000000000000000000000000000
00000000000000000000000000000
00000000000000000000000000000
00000000000000000000000000000
~~~~
11.38
6.00
4.19
0.17
1.119
0.705
0.04
10.45
4.324
6.045
