11234112004813700000000000
41160001291161121151161161
11711500000000000000000024
12612812512412211600000042
00000001001200400500000487
62536745425656685695130498
00000000000000000000000000
00000000000000000000000479
04800478048104822752178190
04770485048804830484048600
39900216039740260676132086$2
00000000004820313013913201634
00000000004710804036613200000
00000000000000000006513200000
00000000000000000000000000000
00000000000000000000000000000
00000000000000000000000000000
00000000000000000000000000000
00000000000000000000000000000
~~~~
11.10
7.083
3.35
0.12
1.174
1.123
0.05
11.29
19.59
6.242
