11223112554902200000000000
44160001471301270710680671
06106000000000000000000003
14314114013813612500000001
00000005104700800700000287
40435141624453474047110274
06020000000000000000000300
00000000000000000070060000
00000296000000002859143170
02920291029302890295029400
34300115043644190347132086$0
00000000003213916087413214017
00000000000832217056513204154
00000000000000000000000000000
00000000000000000000000000000
00000000000000000000000000000
00000000000000000000000000000
00000000000000000000000000000
00000000000000000000000000000
~~~~
6.818
5.88
4.04
0.13
0.333
1.268
0.04
10.42
2.909
6.023
