11237115051403200000000000
41162092001941741251241232
12312318617316716315514940
15713612812311410900000000
00000023022000100205920603
99999999999999999999160606
00000000000000000000000000
00000000000000000000000587
05900591058805962752186370
09860598060105990595059400
39951144148115060069132006$1
00000000003141307040000000000
00000000001930403010000000000
00000000004722208150000000000
00000000000000000000000000000
00000000000000000000000000000
00000000000000000000000000000
00000000000000000000000000000
00000000000000000000000000000
~~~~
11.02
5.84
5.19
0.15
2.090
1.355
0.04
11.33
16.94
6.151
