11211116300001500000000000
41000000000000000000000002
00000000000000000000000042
00000000000000000000000021
00000000000000000001500152
00000000000000000000140131
00000000000000000000000000
00000000000000000000000147
01480153014501462758153180
01490156015701540158016100
15296165039264190850132086.1
22586125004882122024613103254
00000000000000000008113204444
00000000000000000005713200000
00000000000000000006013200000
00000000000000000000000000000
00000000000000000000000000000
00000000000000000000000000000
00000000000000000000000000000
~~~~
6.091
6.603
6.80
0.25
0.10
1.265
2.53
10.42
18.63
6.150
