11335114230164800000000000
41990001511301321261261272
00000000000000000000000000
15314713913112812300000000
00000002902805003001270128
99999999998687999999090110
00000000000000000000000000
00000000000000000000000119
01200124012101224591127850
01230135013601250139013300
29900516009102040460002076.0
10900022004841510013900204444
20300320004941308056924100000
20200313004720807224700200000
00000000004612014030000000000
00000000000000000000000000000
00000000000000000000000000000
00000000000000000000000000000
00000000000000000000000000000
~~~~
11.07
N/A
N/A
N/A
N/A
N/A
0.04
N/A
N/A
6.060
