11323112401109700000000000
41991481401411221401401352
13313013813914014014013900
13319413413413313000000000
00000002003000300303300331
49484349504548494943080314
00000000000000000000000000
00000000000000000000000323
03240327032503261124557890
03280334033503320336033700
10800026701108040151002086$5
00000000004614509007400207333
00000000000520501051955114027
00000000002530503010424104434
00000000003030802156653100000
00000000000000000000000000000
00000000000000000000000000000
00000000000000000000000000000
00000000000000000000000000000
~~~~
9.03
5.90
4.42
0.22
1.83
1.269
0.04
9.15
4.571
6.534
