11331108100594600000000000
41990000901051171160000001
00000000000000000000000043
09609809910010009800000032
00000000000006000000160017
21192528323123342818090001
00000000000000000000000000
00000000000000000000000010
00110012001300144571129850
00150020002700180022002400
21100045047427171057002065.5
12000032004043116078100200000
00000000000212315994900200000
00000000000030202026900200000
00000000000000000005000200000
00000000000000000004700200000
00000000000000000006623100000
00000000000000000000541100000
00000000000000000000000000000
~~~~
6.500
5.81
28.15
0.696
1.412
1.407
0.03
10.85
18.05
5.538
