11333110500790000000000000
41990001211281231240000002
00000000000000000000000012
10510109308808708500000000
00000010512111000000760077
14101313121110131629100060
00000000000000000000000000
00000000000000000000000070
00710072007300744591127850
00750083008500780081008200
20500021040641210605002016.2
10500043003520402013900200006
10900032004331208045713100000
00000000004711308084700200000
00000000000120813020000000000
00000000000000000000000000000
00000000000000000000000000000
00000000000000000000000000000
00000000000000000000000000000
~~~~
11.09
6.603
6.49
0.20
1.167
3.80
0.05
10.52
16.47
6.208
