11322110210232100000000000
41991211210111150800790821
07907015112109908808407243
08607207106806505700000032
00000003803060000000570058
18993280334725432232100037
05000000000000000000000000
00000000000000000000000047
00480053005000514571129850
00490056005900540060006100
34300122049251141181002015.5
00000000004881210015700214007
00000000002214011087400207031
00000000000127516034700200000
00000000000000000000000000000
00000000000000000000000000000
00000000000000000000000000000
00000000000000000000000000000
00000000000000000000000000000
~~~~
6.952
6.617
6.30
0.19
1.367
7.93
0.05
12.08
14.84
5.548
