11334115180141800000000000
41991991821270001261280002
00000021721519618518217812
16014914613613110800000000
00000006500060000001570159
99999999997850707699090138
00000000000000000000000000
00000000000000000000000147
01480149015001514591127850
01520158016401530156015500
20300043048413080301411226$0
10200040003213512134800201254
20200021003534615085700200000
00000000000941912104700200000
00000000003112717110000000000
00000000000212417280000000000
00000000000000000000000000000
00000000000000000000000000000
00000000000000000000000000000
~~~~
6.800
5.750
7.93
0.21
0.119
3.82
0.05
10.27
10.91
6.019
