11324112050493500000000000
54991651651511491491351392
12912117817817515115012700
15515413512812611500000000
00000000000017004001110112
99999999999999999999090102
00000000000000000000000000
00000000000000000000000113
01140117011501164571129850
01200123011801240122012100
20500025001312120539002086.5
10100030004140812034813114007
00000000003929021156913107001
00000000000910402137400200000
00000000000000000005700200000
00000000000000000006000200000
00000000000000000000000000000
00000000000000000000000000000
00000000000000000000000000000
~~~~
6.818
5.603
3.96
0.19
N/A
N/A
N/A
10.33
14.00
6.534
