11326115000592800000000000
41990001551321291510000001
00000000000000000000000032
12512311510509108100000020
00000002502600000001840185
46285046354643739999100168
03121519200000000000000000
01000000000000000170200178
01790182018001814571129850
01830190019101880186018700
1150001305036616038100207041
23000146004821612026000201444
00000000004331913051400200000
00000000000510101064724100000
00000000000000000000641100000
00000000000000000000000000000
00000000000000000000000000000
00000000000000000000000000000
00000000000000000000000000000
~~~~
5.300
N/A
N/A
N/A
1.435
4.44
N/A
N/A
N/A
N/A
