11311116320001000000000000
00991651420000000000000001
00000011211211110910709632
11308908208108107900000020
00000000900027043000150016
9999999$991923274022090004
03010102020101010202010000
00000000000000010200200017
00180019002000210000000000
00130014000000220026002500
00000000000730200100000005$6
00000000000012619030000000000
00000000000011105990000000000
00000000000011010990000000000
00000000000020708010000000000
00000000000010119010000000000
00000000000000000000000000000
00000000000000000000000000000
00000000000000000000000000000
~~~~
N/A
5.98
44.00
0.21
N/A
N/A
0.04
10.20
9.23
5.680
