11325113520491400000000000
44990001630000000000000001
00000000000000000000000032
16115014513512111700000020
00000003303410000001470146
50504040772729362833110135
00000000000000000000000000
00000000000000000000000148
01490153015001514571129850
01520156015901540158015700
34000346048511160146131016$2
00000000004913216998100214007
00000000004021522043900200000
00000000005024321081900200000
00000000000000000000400200000
00000000000000000005900200000
00000000000000000006100200000
00000000000000000000000000000
00000000000000000000000000000
~~~~
8.429
6.567
8.27
0.19
0.698
0.750
0.04
12.50
0.976
6.250
