11321109260231100000000000
42991261236201216107100001
00000008108008007807607521
09108107307107106600000021
00000000000003003000190017
47997045229980904125110006
00010101000100000000000000
00000000000000000000000020
00210022002300244571129850
00250018002800260029003000
18000366048413140157551085$7
12000143003913818214713101254
31500322004923520058100204144
00000000003520203016900200000
00000000000910403017400200000
00000000000000000003900200000
00000000000000000004824100000
00000000000000000000000000000
00000000000000000000000000000
~~~~
6.778
6.607
7.34
0.21
0.302
4.08
0.04
10.00
1.081
5.702
