11332109450591300000000000
00990001191231221220000002
00000000000000000000000010
11811610910810410200000000
00000007010020012000440045
14222620192122221816090029
00000000000000000000000000
00000000000000000000000038
00390040004100424591127850
00430048005100490047004600
20200023035705040181002016$5
10400044003978328080505600000
10600032004311811035000200000
00000000000910514994724100000
00000000000000000000721100000
00000000000000000000800200000
00000000000000000004924100000
00000000000000000001124100000
00000000000000000000000000000
~~~~
8.273
5.929
5.84
0.20
3.333
1.160
0.04
11.98
15.00
6.566
