11435116101209800000000000
41991801721341391361401442
14714917116016916816816800
16716616516316116000000000
00000002001001200803870388
48494848494849475051090375
00000000000000000000000000
00000000000000000000000389
03900386039103921124557890
03850397040104038402039500
00000000346450120412551006.2
00000000004745516038100200000
00000000004822005045100200000
00000000000000000000555100000
00000000000000000000000000000
00000000000000000000000000000
00000000000000000000000000000
00000000000000000000000000000
00000000000000000000000000000
~~~~
8.440
N/A
N/A
N/A
1.44
1.413
0.04
N/A
N/A
6.206
