11424114353800000000000000
41991561651431331421431442
14414415315415315114814711
14314214114013913600000000
00000002002002603701640167
11121210131012101012090148
01000000000000000000000101
01010101010101010000000160
01610159016201631124557890
01580170016801760173017400
00000023250110070047002086.6
00000000004560907005100201434
00000000004812215008100200000
00000000004012210000500600000
00000000000510507004724100000
00000000000000000000000000000
00000000000000000000000000000
00000000000000000000000000000
00000000000000000000000000000
~~~~
9.02
5.89
5.36
0.25
2.351
0.738
0.02
11.69
41.39
6.620
