11434115151208400000000000
41991801671461401261181152
11411318018118518618418200
16516216115815314600000000
00000001001000401103520351
49494749494849484750090340
00000000000000000000000000
00000000000000000000000354
03540351035603571124557890
03490361035903680363036000
23500015705225090181002086.7
00000000004944009030500600000
00000000003926012014700200000
00000000004612008006600200000
00000000004813008020000000000
00000000000000000000000000000
00000000000000000000000000000
00000000000000000000000000000
00000000000000000000000000000
~~~~
6.583
5.833
5.806
0.682
2.610
1.263
0.03
11.43
45.26
6.750
