11425115203900000000000000
41991521511521131461421402
13913812712813013013012811
11111211511711811900000000
00000002002002602001950196
10111210101110141312100180
01000000000000000000000101
01010101010101010000000191
01920197019301941124557890
01900202020502120208020900
10000015447514070281002005.6
00000000004620707054700200000
00000000004820202020000000000
00000000003911108000000000000
00000000000000000000000000000
00000000000520503010000000000
00000000000000000000000000000
00000000000000000000000000000
00000000000000000000000000000
~~~~
5.167
5.99
6.07
0.20
1.62
1.478
0.03
11.02
8.727
5.643
