11421110353209800000000000
41991411391300981351331381
13813612212312212011811534
13313213113012812600000032
00000002003000700300620059
84727599847556687082100039
00000000000000000000000101
01010101010101010000000054
00550050005200531124557890
00510065006100700067006300
10000015239137230075002087$2
00000000004315016003700214007
00000000004840000000100108031
00000000000820000005700100000
00000000000000000005700200000
00000000000000000007400200000
00000000000000000000000000000
00000000000000000000000000000
00000000000000000000000000000
~~~~
9.10
5.929
5.87
0.20
0.632
1.103
0.04
176.5
19.40
7.28
