11411116250000000000000000
44991831701831601571561561
15515514614514715015616023
16316216116116116100000020
00000001001101602000340027
36427019288070231014090009
02010102020204040303030101
01010101010101010250270019
00200023002100221124557890
00240028003300260032003100
10000045848018180060002006$5
00000000004700815005900200000
00000000000000000000000000000
00000000000000000000000000000
00000000000000000000000000000
00000000000000000000000000000
00000000000000000000000000000
00000000000000000000000000000
00000000000000000000000000000
~~~~
11.02
5.78
5.84
0.23
2.284
8.02
0.04
9.72
16.00
6.587
