11433111030491300000000000
41991591371440001331311272
12512119218117317617317000
15115115713212612400000000
00000006200000000000820083
99459999999999999999100068
00000000000000000000000000
00000000000000000000000078
00790084008000814571129850
00850089009100860088009000
20200021039352180850002086$0
21200324004843516027400201434
00000000004143615116000200000
00000000003520301014200200000
00000000000910102010000000000
00000000000000000000000000000
00000000000000000000000000000
00000000000000000000000000000
00000000000000000000000000000
~~~~
5.333
6.607
6.58
0.21
0.314
1.259
0.04
11.76
12.90
6.050
