11431108557910000000000000
41990960951021011021011001
09809909609709809910010233
09709709509409109000000020
00000001002000602502290235
28232125202719221724100215
01000000000000000000000101
01010101010101010000000225
02260228023702381124557890
02270263025302450260026200
05000014309107060020551086$0
00000000003114012176000208333
00000000000540605015900200000
00000000003020605026900200000
00000000004622008030000000000
00000000000000000000000000000
00000000000000000000000000000
00000000000000000000000000000
00000000000000000000000000000
~~~~
3.214
5.97
8.571
0.662
N/A
1.237
0.02
3.676
52.50
6.085
