11422112403300000000000000
43991711701561561291301312
13213116416616716816916800
15615515415315814600000000
00000010007000000000920093
27303233343536423630100077
02000101020201010202020101
01010101010101012101940087
00880094008900901124557890
00910100010600980105010700
30000015245012000075002016.1
00000000004800019003900200000
00000000000500014005900200000
00000000000000000005100200000
00000000000000000007400200000
00000000000000000004700200000
00000000000000000008100200000
00000000000000000005755100000
00000000000000000007213100000
~~~~
9.12
6.607
4.59
0.18
2.019
1.397
0.03
12.36
18.06
6.196
