11423113551900000000000000
41991851791681451591501462
14114817617517517517416720
15515415114714414000000000
00000004005002502601250129
26241617292123212122090112
01000000000000000000000101
01010101010101010000000121
01220124013601371124557890
01230141014001340145014600
30000023205260180026211006.5
00000000004521809000552200000
00000000005041609002641100000
00000000000000000000000000000
00000000000000000000000000000
00000000000000000000000000000
00000000000000000000000000000
00000000000000000000000000000
00000000000000000000000000000
~~~~
9.05
5.618
4.24
0.19
1.59
1.316
0.04
6.579
17.42
6.537
