11432110057910000000000000
44991031020940940940940931
09209410110210110009709633
09709709609409509400000020
00000001002002700002860291
19141613102018171513090269
01010000000001000000000101
01010201010101010080070279
02800277028202831124557890
02760296028802970293029200
00000000043165160169002006$2
00000000004944017024800200000
00000000004811708084700208001
00000000004643012024600200000
00000000000000000005000200000
00000000000000000000000000000
00000000000000000000000000000
00000000000000000000000000000
00000000000000000000000000000
~~~~
5.412
5.98
8.00
0.19
4.16
0.073
0.02
10.87
17.05
6.227
