11525115409300000000000000
41990001510000000000000000
00000015116514913612112021
00000000000000000000000010
00000014915300000000004974
79889999908780999999084961
40020407070000000000000000
00000000000000000000004970
49714975497249733814125410
49694987498449774983498900
0000000003930510020741114007
00000000004341003010000000000
00000000004631517020000000000
00000000000000000000000000000
00000000000000000000000000000
00000000000000000000000000000
00000000000000000000000000000
00000000000000000000000000000
00000000000000000000000000000
~~~~
5.400
N/A
N/A
N/A
0.07
0.07
0.04
N/A
N/A
N/A
