11524115009301100000000000
41990001430000000000000001
00000000000000000000000022
14310608607407006700000011
00000087986300000049534952
09141416272319171312094935
03010101010101010100000000
00000000000000000000004945
49484949494649473814125410
49444956495549404958495900
05000104046510080182241086.6
00000000009612519007424114057
00000000004341006010000000000
00000000000000000000000000000
00000000000000000000000000000
00000000000000000000000000000
00000000000000000000000000000
00000000000000000000000000000
00000000000000000000000000000
~~~~
2.200
6.00
2.34
0.568
N/A
0.10
0.03
11.35
20.00
6.696
