11532112049301500000000000
41501310000000001120000001
00000010809808207707500022
00000000000000000000000011
00000003203100000000001502
10408420334010223640081473
10010102030505061010110000
00000000000000000000001489
14981488149214913814125410
04811500149914841497149800
01521142043910170101411226.0
00000000000000000005024108032
00000000000000000000000007031
00000000000000000000000000000
00000000000000000000000000000
00000000000000000000000000000
00000000000000000000000000000
00000000000000000000000000000
00000000000000000000000000000
~~~~
11.03
5.921
4.55
0.12
0.09
N/A
N/A
10.00
13.75
6.021
