11521110355300000000000000
44301641490000000000000001
00000000000000000000000022
00000000000000000000000011
00000000000000000048414842
00000000000000000000094832
05010202010101010000000000
00000000000000000350354847
48484851484948503814125410
48434856485748444852485300
09990115009702030149241086.7
00000000004023506035724122031
00000000003112518005013207033
00000000000000000000524104334
00000000000000000006224100000
00000000000000000003913200000
00000000000000000000000000000
00000000000000000000000000000
00000000000000000000000000000
~~~~
5.158
6.625
3.87
0.14
2.646
N/A
0.05
12.12
18.62
6.731
