11534113003602000000000000
12501261230000000000000001
00000012112010809709308922
10810408707406906700000011
00000003102900000015151514
40475299329948535599081504
05020406000000000000000000
00000000000000000000001516
15171520151815193814125410
15331529152515211523152700
04541014043830300339132057.3
00000000003615010101224108033
00000000003113020000000017033
00000000000000000000000006033
00000000000000000000000007031
00000000000000000000000000000
00000000000000000000000000000
00000000000000000000000000000
00000000000000000000000000000
~~~~
9.01
9.04
4.78
0.19
0.11
N/A
0.047
12.06
19.16
7.31
