11527117049311200000000000
43300001330000000000000000
00000000000000000000000020
13312211911811310800000000
00000010310500000000005036
20253029273099302526095021
05010202030304000000000000
00000000000000000911095031
50325037503350353814125410
50306041504050475038503900
0000000000000000008200208334
00000000000000000000741100000
00000000000000000000141100000
00000000000000000008224100000
00000000000000000001224100000
00000000000000000000000000000
00000000000000000000000000000
00000000000000000000000000000
00000000000000000000000000000
~~~~
N/A
6.00
3.93
0.16
1.304
0.725
0.04
11.52
17.93
N/A
