11526116369300000000000000
41600001410000000000000000
00000000000000000000000020
14013613513313313200000000
00000008909000000000005001
55576370656462595855094991
05010203000000000000000000
00000000000000000000005005
50065018500750083814125410
50005016501550025009501200
00000000050210160574241036.2
00000000000551009030555100000
00000000004011517020000000000
00000000003121515030000000000
00000000000000000000000000000
00000000000000000000000000000
00000000000000000000000000000
00000000000000000000000000000
00000000000000000000000000000
~~~~
9.15
5.682
4.04
0.19
1.226
N/A
0.04
12.50
18.93
6.211
