11523112209301100000000000
00000000000000000000000001
00000000000000000000000043
00000000000000000000000032
00000000000000000049134914
00000000000000000000104891
05010101010202020202020000
00000000000000000000004904
49054903490749083814125410
49024919491549214916491800
00000000048910150166241046$2
00000000000000000008224100000
00000000000000000002050200000
00000000000000000000941200000
00000000000000000000000000000
00000000000000000000000000000
00000000000000000000000000000
00000000000000000000000000000
00000000000000000000000000000
~~~~
6.929
6.662
7.51
0.23
1.049
N/A
0.04
188.3
45.88
6.250
