11531111009710000000000000
44501060000000001120000001
00000010510310009609409222
00000000000000000000000011
00000002302200000000001460
15121711092215141312081446
05010101010101010101000000
00000000000000000400501455
14561469145714583814125410
14541464146314611466146500
03021115043705040101411096$1
00000000003122018021825208033
00000000000919018000000005334
00000000000000000000000007031
00000000000000000000000000000
00000000000000000000000000000
00000000000000000000000000000
00000000000000000000000000000
00000000000000000000000000000
~~~~
6.667
6.600
5.00
0.19
0.714
N/A
0.04
5.263
8.205
6.151
