11511116150002200000000000
54001981861411421481480001
00000000012211711210800021
00000000000000000000000022
00000000000000000048150000
99999999999999999999104792
10010102030505060402010000
00000000000000001011104801
08054803480448073814125410
48024818481948114809481000
00000000000000000069111006$1
00000000000000000004924100000
00000000000000000000000000000
00000000000000000000000000000
00000000000000000000000000000
00000000000000000000000000000
00000000000000000000000000000
00000000000000000000000000000
00000000000000000000000000000
~~~~
2.244
5.912
151.8
0.17
2.538
3.156
0.05
12.05
18.87
6.125
