11533113454601700000000000
41301561230000000000000001
00000019517512509509108922
10410108407707207000000011
00000002502600000015471548
21644753477769694349000000
05010204050000000000000000
00000000000000000000001555
15561552155715583814125410
15451561156215491559156000
09991113043958201018252087.3
00000000000000000002641107031
00000000000000000000000017033
00000000000000000000000022033
00000000000000000000000021004
00000000000000000000000000000
00000000000000000000000000000
00000000000000000000000000000
00000000000000000000000000000
~~~~
3.447
6.682
4.85
0.21
0.535
N/A
0.010
176.7
2.353
7.33
