11627115251902100000000000
51151251251311451271261282
12612610009510109509109044
10009510108509109000000040
00000026022603002002500250
99398299999999999999110238
22010203000000000000000000
00000000000000001471200255
02560252025402531112345678
02510262026102590257025800
02200312139128100081002086$7
00000000004553010025700200000
00000000004741211036600200000
00000000000000000000000000000
00000000000000000000000000000
00000000000000000000000000000
00000000000000000000000000000
00000000000000000000000000000
00000000000000000000000000000
~~~~
3.375
5.87
2.68
0.22
0.712
8.29
0.04
11.22
48.23
6.79
