11633111400000000000000000
41991461461141131150000001
00000007707607306906605921
07707607306906605900000011
00000021024002403814971498
11191619111413110610081481
00000000000000000000000000
00000000000000000000001492
14961500149014912864975310
14891507150815051510150900
24000122048409070141071056.0
00000000005020201063900208333
00000000004330301016300207031
00000000003910502154900204046
00000000000000000004800201046
00000000000000000005000200000
00000000000000000006500200000
00000000000000000005700200000
00000000000000000000000000000
~~~~
3.455
5.98
8.86
0.075
4.03
4.46
0.03
10.34
19.35
6.081
