11611116250005700000000000
42151431401251301471431401
13813611010410310009609332
09209209308207807600000020
00000000504802002201440145
38303838221937283427090135
00010305000000000000000000
00000000000000000000000150
01510147014901481234115678
01460155015700000153015400
10400111048506080262002146.1
10100122003112713036000207001
10000000000531414100000000000
10000000000510101010000000000
00000000000000000000000000000
00000000000000000000000000000
00000000000000000000000000000
00000000000000000000000000000
00000000000000000000000000000
~~~~
N/A
5.89
3.95
0.139
0.625
N/A
0.04
11.25
8.205
6.105
