11635115453106600000000000
12991541521211171231241211
00000011310610410109708321
12912111210409608800000011
00000019219201006815691568
93875145906034566363081558
00000000000000000000000000
00000000000000000000001573
15741566157115722834765190
15671582158315781581158000
39900054043407030157002044$5
00000000003915027205900201005
00000000004634035104700207033
00000000004927032156300200000
00000000000000000005000200000
00000000000000000000000000000
00000000000000000000000000000
00000000000000000000000000000
00000000000000000000000000000
~~~~
11.06
7.039
2.80
0.569
1.61
7.90
0.04
42.59
55.59
4.579
