11628116101902500000000000
41151631631431281371311292
12712316717016916917017012
16717016916917017000000000
00000058059022023002780279
53726375726973527566100268
66031000000000000000000000
00000000000000006006500282
02850285028002811234567811
02840289029002920286028700
00000054945701010166002146$6
00000324093931403005700200000
00000054090000000003724100000
00000000000000000000000000000
00000000000000000000000000000
00000000000000000000000000000
00000000000000000000000000000
00000000000000000000000000000
00000000000000000000000000000
~~~~
8.667
5.833
2.68
0.17
2.375
1.490
0.04
10.20
15.48
6.646
