11624112351904300000000000
43151581571141151151131152
11211014213011311010009800
12411711311010009300000000
00000007606902402701490151
60483225304378819999120137
09020407080909080704020201
01050000000000000940870155
01560152015301541112345678
01570168017001600163016200
05000313348617140266002146$6
06000312074733516026500200000
04000223040510101010000000000
05500313010000000000000000000
04500213030000000000000000000
00000000000000000000000000000
00000000000000000000000000000
00000000000000000000000000000
00000000000000000000000000000
~~~~
11.07
5.88
2.92
0.13
0.691
3.65
0.03
9.18
12.94
6.616
