11626114501908100000000000
41150890891351261321291321
13413713714812912611510055
13714812912611510000000043
00000014814501002202180217
99859999996454779999090207
99010200000000000000000300
01020100000000000000000223
02240220022202211112345678
02190229022602320231022500
03000024345530130050002076.2
04200315020530909135700200000
02400312014922510140000000000
00000000000000000000000000000
00000000000000000000000000000
00000000000000000000000000000
00000000000000000000000000000
00000000000000000000000000000
00000000000000000000000000000
~~~~
5.333
5.85
2.88
0.063
2.333
1.457
0.04
35.00
40.90
6.209
