11625113301803300000000000
41151471421281221321341331
13012910310909208708007043
11410008807407306800000042
00000021319408008401840198
25292724422733363837110173
99010400000000000000000102
03040003020201010000000190
01920187018901881112345678
01860205020602000194019500
03000013347803060150002016$5
06000113063918020046600200000
04000102114913112055700200000
05000011330000000000000000000
00000000000000000000000000000
00000000000000000000000000000
00000000000000000000000000000
00000000000000000000000000000
00000000000000000000000000000
~~~~
9.02
5.583
2.42
0.18
1.263
3.53
0.03
12.50
9.091
6.557
