11634112254108100000000000
41991221271211191230000001
00000010209408607707406521
10209408607707406500000011
00000023023003107215291531
21193937316278616253081517
00000000000000000000000000
00000000000000000000001535
15381528153315342894365710
15261552154415411545155000
13000115043501010182552074.7
00000000004820101014700205031
00000000005021820085900204036
00000000004914025081700200000
00000000000000000006000200000
00000000000000000008100200000
00000000000000000001500200000
00000000000000000006500200000
00000000000000000002600200000
~~~~
2.091
5.875
1.176
0.100
1.472
7.78
0.026
12.02
49.41
4.72
