11631109450000000000000000
44991190950920910920920001
00000011209119008908808722
11209119008908808700000011
00000007702501301214251429
12141713181917141007081414
05010101010101010101010302
21201205050505050250201432
14331424143414312874965310
14231440143914371441144300
16000115032120141057002074$7
00000000004641716038100208031
00000000000540101015900204036
00000000004810202027700200000
00000000000000000002624100000
00000000000000000000000000000
00000000000000000000000000000
00000000000000000000000000000
00000000000000000000000000000
~~~~
3.326
5.71
3.32
18.55
3.333
1.381
0.03
9.16
10.90
4.73
