11622110201408800000000000
44151321311080971091051061
10310509109409409409809243
09608907606806506600000032
00000005405102103100700084
38374258384633424095100059
00010101000100000100010201
01010100000100000400500075
00760071007400731112345678
00720078009000850022008900
0600001444780308016600214007
00000000000511310045000200000
00000000003210907034200200000
00000000000000000006500200000
00000000000000000000000000000
00000000000000000000000000000
00000000000000000000000000000
00000000000000000000000000000
00000000000000000000000000000
~~~~
11.13
N/A
N/A
N/A
N/A
1.022
0.04
N/A
N/A
N/A
