11621109251708500000000000
41151010981081071111141172
12012307006606406106207311
07306206406306306700000000
00000009508702002500300040
36283121124225201920090021
99010307090000000000000401
00000000000000000000000035
00360032003400331211345678
00370047004800490052005100
14000026139240320750002087.3
00000000004913417004200200000
00000000004540706016600200000
00000000004731010030000000000
00000000000000000000000000000
00000000000000000000000000000
00000000000000000000000000000
00000000000000000000000000000
00000000000000000000000000000
~~~~
9.20
8.060
5.06
0.19
0.643
3.78
0.04
12.19
18.12
7.32
