12134112458500000000000000
41170001841631851380000001
00000000000000000000000021
18315414512111809400000011
00000002600004001300002116
55291612151719342522102095
02010102020303030303040000
00000000000000000000002108
21102114211121124711526028
21152120210721182106210500
0000000004985017025000208001
00000000003617318047400200000
00000000003945722060000000000
00000000004421712040000000000
00000000000000000000000000000
00000000000000000000000000000
00000000000000000000000000000
00000000000000000000000000000
00000000000000000000000000000
~~~~
11.03
7.686
9.66
0.601
1.058
7.59
0.029
11.68
54.25
N/A
