12123113358500000000000000
41172522522052431941921891
00000000000000000000000043
14313412411289808400000042
00000001101400000000001946
58435170457880445536111928
02010203030404050505060000
00000000000000000000001947
19481951194919504711526028
19521943194219541941193900
3003122243962520066000209001
34000015364544423054113514007
00000000000000000005000200000
00000000000000000004600200000
00000000000000000000900200000
00000000000000000000000000000
00000000000000000000000000000
00000000000000000000000000000
00000000000000000000000000000
~~~~
1.47
5.93
26.92
3.235
2.103
3.98
7.38
9.75
81.75
N/A
