72117200000000000000000000
41172142131731590000000002
00000019813812800209709033
19311211410009008400000030
00000001301600000018431844
60994012112599502199111820
02000001010102020203030000
00000000000000000000001834
18351833183618374711526028
18381848185018411832183100
3000034004563017024203202444
00000000003943316055900214032
00000000000000000005000200000
00000000000000000005700200000
00000000000000000009600200000
00000000000000000000000000000
00000000000000000000000000000
00000000000000000000000000000
00000000000000000000000000000
~~~~
11.03
5.98
123.0
0.718
1.478
0.628
0.04
12.31
52.95
N/A
