12122111332300000000000000
41182292181751811541480002
00000024420216214213100012
17915713211710709500000000
00000001301800000019061908
99999999995430449951101892
02000102020202030303040000
00000000000000000000001909
19111912191319154711526028
19161905190419131903190200
0200001684853019034113108031
39900345813143423046000200000
00000000000000000005900200000
00000000000000000005000200000
00000000000000000000000000000
00000000000000000000000000000
00000000000000000000000000000
00000000000000000000000000000
00000000000000000000000000000
~~~~
4.091
6.000
27.06
0.677
1.383
0.009
6.84
11.94
59.15
N/A
