12124114508500000000000000
43172472461291291291290001
00000023817414110508605132
14715713811209407600000020
00000000000004004619701979
99993454629966559973101958
02020202030304030302020000
00010101010000000440261973
19751980197619774711526028
19721971197019891969196800
3450012202218020005400203444
00000000004842216020000004001
00000000004541006020000000000
00000000001710303000000000000
00000000003111619030000000000
00000000000000000000000000000
00000000000000000000000000000
00000000000000000000000000000
00000000000000000000000000000
~~~~
1.29
8.26
180.8
7.72
N/A
N/A
7.55
178.1
144.0
N/A
