12132110548500000000000000
41170002021621721531401511
00000000000000000000000021
19717114713312510800000011
00000000400500001500002066
24344950402730443131102042
01020304050606070809100000
00000000000000000000002060
20612057206220634711526028
20582059205420642053205200
1300001523926817085000208001
00000000004582017604100209003
00000000000000000007500204001
00000000000000000001900200000
00000000000000000000000000000
00000000000000000000000000000
00000000000000000000000000000
00000000000000000000000000000
00000000000000000000000000000
~~~~
6.333
8.068
180.4
7.76
1.467
0.528
0.04
178.6
135.0
N/A
