12125116208500000000000000
41172482431831831791670001
00000014511407904503601832
18916814412811711000000020
00000001301403204219981999
45082218091139051415101983
02020202030303040404050000
00000000000000000000002003
20042008200620074711526028
20002007199720091995199400
0000000004453726087124104006
00000000004550808025000200000
00000000000000000000000000000
00000000000000000000000000000
00000000000000000000000000000
00000000000000000000000000000
00000000000000000000000000000
00000000000000000000000000000
00000000000000000000000000000
~~~~
N/A
7.198
192.7
7.63
1.433
3.100
7.74
93.26
86.66
N/A
