12133112009310000000000000
43170001891541521481420001
00000000000000000000000021
15514411210209108400000021
00000000000002402000002088
05201402030405070305102068
02020203030303030404040000
00000000000000000000000082
20832087208420854711526028
20862081208020892079207800
2300014664642516036000208001
00000000004532615057400200000
00000000001332517060141100000
00000000000000000000000000000
00000000000000000000000000000
00000000000000000000000000000
00000000000000000000000000000
00000000000000000000000000000
00000000000000000000000000000
~~~~
3.222
8.29
123.5
1.657
1.040
0.330
0.05
11.60
53.37
N/A
