12121110190000500000000000
41181941871881831681551821
00000015311310209709809332
15313512711410810300000020
00000001301500500718751877
99999956993523309990111860
02010102030304040405060000
00000000000000001361541879
18801885188118824711526028
18841874187118861873187200
3003621543916016004700204081
23200116282215020063900214017
00000000004581218036500208033
00000000000000000008155100000
00000000000000000006000200000
00000000000000000008200200000
00000000000000000001855200000
00000000000000000000000000000
00000000000000000000000000000
~~~~
2.389
6.600
197.5
3.296
0.533
3.61
0.04
12.50
84.39
N/A
