12131109318500000000000000
44170001881461480000000001
00000000000000000000000021
15715114113412612400000021
00000006607100000000002037
47444840673820162420092012
02000000010101010000000101
01010101010100000310342026
20272036202920304711526028
20312025202320382022202100
11500026231210070165002086.0
29500025794581209020000000000
00000000000000000000000000000
00000000000000000000000000000
00000000000000000000000000000
00000000000000000000000000000
00000000000000000000000000000
00000000000000000000000000000
00000000000000000000000000000
~~~~
11.03
6.670
8.06
0.19
5.55
8.26
0.05
38.23
42.10
6.081
