12236113006505700000000000
51102682641801921720000001
00000021220519217316015521
18516516215515014500000011
00000021120800000003450346
99999999999999449870150359
30010000000002000000000100
00000000000000000600600350
03490344034703487613582411
03510358035703520355035400
1550021234841304025900214077
24916210223945115070000000000
29916010264034515060000000000
00000000000000000000000000000
00000000000000000000000000000
00000000000000000000000000000
00000000000000000000000000000
00000000000000000000000000000
00000000000000000000000000000
~~~~
3.375
5.93
4.30
0.15
1.40
8.51
7.08
11.80
17.93
N/A
