12221110009300000000000000
43100002281581591580000002
00000000000000000000000033
15014514314113914200000030
00000013014200000000000450
39304652352921394134110439
99020101000002000000001816
07000000000000002202260451
04530452045504547613581411
04560464046304570460045900
0010001424852109025000208134
29900322283923213067500204434
00000000003623010084724100000
00000000003113810990000000000
00000000000000000000000000000
00000000000000000000000000000
00000000000000000000000000000
00000000000000000000000000000
00000000000000000000000000000
~~~~
5.500
5.79
2.84
0.21
1.35
0.059
7.50
7.35
17.55
N/A
