12224113459300000000000000
11100002101611581160000001
00000000000000000000000021
15913713111110710500000021
00000005204100000000000079
18162522231618231629120066
00000000000000000000000000
00000000000000000000000000
00000078008100827613582411
00800088008700830086008500
0000000004882416010151100000
00000000003911103995700200000
00000000004613220034713100000
00000000000000000000000000000
00000000000000000000000000000
00000000000000000000000000000
00000000000000000000000000000
00000000000000000000000000000
00000000000000000000000000000
~~~~
2.500
6.656
20.56
0.713
1.314
4.65
8.74
42.02
55.91
N/A
