12211116001500000000000000
41000000000000000000000001
00000000000000000000000021
00000000000000000000000011
00000000000000000000000007
00000000000000000000160016
00000000000000000000000000
00000000000000000000000000
00000005000100027617581411
00040012001400100009000800
3190002203914716998100202832
00000000004461213023900214053
00000000004621612106000200000
00000000000515518991141200000
00000000001811411990000000000
00000000000000000000000000000
00000000000000000000000000000
00000000000000000000000000000
00000000000000000000000000000
~~~~
8.333
6.00
4.64
0.583
2.538
8.45
6.79
8.19
17.74
N/A
