12223112359310000000000000
30100002260920930000000001
00000000000000000000000021
16014914312712011200000011
00000024310900000000000053
14101418171614171308100042
20000000000000000000000000
00000000000000000310310055
00560052005700587613582411
00540065006300590062006100
2240012574382619048000208031
00000000003623117034224100000
00000000000000000005000200000
00000000000000000006000200000
00000000000000000003903500000
00000000000000000000000000000
00000000000000000000000000000
00000000000000000000000000000
00000000000000000000000000000
~~~~
11.09
5.95
6.26
0.22
2.100
2.988
7.43
10.45
13.52
N/A
