12231108389301500000000000
41100001421521501510000001
00000000000000000000000021
11811511311111411300000011
00000012112300000000000188
14181418171508143130120173
00000000000000000000000000
00000000000000000000000000
00000186019401907613582411
01870199019701910196019500
0000000003924525105900222033
00000000005013010015000204434
00000000004983116990405500000
00000000000000000000000000000
00000000000000000000000000000
00000000000000000000000000000
00000000000000000000000000000
00000000000000000000000000000
00000000000000000000000000000
~~~~
6.600
5.82
4.615
0.668
1.440
0.257
8.05
8.47
8.421
N/A
