12234111454203200000000000
41102162001651541551501452
14300019016013511611111410
14013513312812713000000000
00000013527600000002830284
99994799669975449962100267
00000000000000000000000000
00000000000000000000000000
00000280027702787613582411
02790292029102930288028600
3990022653954813030141108031
00000000004820202053900200000
00000000004012509998100200000
00000000004923310020000000000
00000000005011407990000000000
00000000000000000000000000000
00000000000000000000000000000
00000000000000000000000000000
00000000000000000000000000000
~~~~
6.500
5.66
2.89
0.136
6.77
1.121
7.38
7.576
50.98
N/A
