12238114557302800000000000
54102800002202102000000001
00000020318013813512412255
00000000000000000000000054
00000018021000000004310000
99999999999999999999110413
00010000000001000000000100
00000000000000000000000426
04320430042404257613581411
04270433043404280436043500
3500061311990302014900200000
00000000000000000001900200000
00000000000000000000000000000
00000000000000000000000000000
00000000000000000000000000000
00000000000000000000000000000
00000000000000000000000000000
00000000000000000000000000000
00000000000000000000000000000
~~~~
8.200
7.217
3.24
0.661
2.407
0.720
7.36
41.34
42.85
N/A
