12232109157500000000000000
41101591581551471530000001
00000015314012811811611421
10610210009309309800000011
00000014210200000002210222
99809947242243995723100206
00000000000000000000000000
00000000000000000000000000
00000224021602177613582411
02250231023002260229022000
3781611634872007028000207033
38200312303913814995900208033
00000000004613317990141100000
00000000004310101998100200000
00000000000000000000521200000
00000000000000000000000000000
00000000000000000000000000000
00000000000000000000000000000
00000000000000000000000000000
~~~~
2.382
5.93
5.36
0.699
0.11
7.78
N/A
9.783
56.59
N/A
