12237114159502500000000000
41100002451551651581580002
00000000000000000000000000
30325124724022922100000000
00000019018000000000000405
99427299997399999999120387
00000000000000000000000000
00000000000000000000000000
00000400039804017613581411
04020409041204030406040700
2993421413181504030000000000
00000000004822005990000000000
00000000000000000000000000000
00000000000000000000000000000
00000000000000000000000000000
00000000000000000000000000000
00000000000000000000000000000
00000000000000000000000000000
00000000000000000000000000000
~~~~
6.947
6.583
141.5
0.726
1.417
1.305
7.20
184.5
49.63
N/A
