12222111059100000000000000
41100002321831201300000001
00000000000000000000000021
14213011510810310100000021
00000007805600000000000029
76447232196259476267130013
00000000000000000000000000
00000000000000000000000000
00000034002600277613582411
00280037003600300033033200
3990012270713910994724104434
39900215274612809995000200000
33600145264882908018100200000
00000000000000000005755100000
00000000000000000000141100000
00000000000000000002624100000
00000000000000000000000000000
00000000000000000000000000000
00000000000000000000000000000
~~~~
11.14
5.94
4.11
0.17
0.10
1.444
N/A
11.55
135.5
N/A
