12235112558509300000000000
54102630002001751721700000
00000023322520015213212000
00000000000000000000000000
00000040039500000003260000
99998599859999999999130303
00000000000000000000000000
00000000000000000000000000
00000319032003217613582411
03160324032503170323032200
0000000002160803156000214077
00000000001960101017500200000
00000000000000000003900200000
00000000000000000000000000000
00000000000000000000000000000
00000000000000000000000000000
00000000000000000000000000000
00000000000000000000000000000
00000000000000000000000000000
~~~~
2.500
6.650
3.66
0.690
1.167
1.463
8.54
39.00
89.09
N/A
