12322110259300000000000000
00010002071801801801760001
00000000000000000000000044
16214614912411309800000032
00000001601200300200000126
00000000000000000000100116
00000000000000000000000000
00000000000000000000000000
00000132012701281177218954
0029$135013701300134013300
1591621554851316045900200000
15011215003925022664600200000
29957312005014025990000000000
00000000004611918990000000000
00000000000000000000000000000
00000000000000000000000000000
00000000000000000000000000000
00000000000000000000000000000
00000000000000000000000000000
~~~~
N/A
6.538
8.95
0.721
0.11
0.09
0.02
5.08
13.06
N/A
