12335113459303600000000000
00010002271691650000000001
00000000000000000000000043
12212609509008808300000032
00000003003000500402770276
00000000000000000000100264
00000000000000000000000000
00000000000000000000000000
00000279027402751177218954
02780284028502800283028200
2550002553112518015700208331
18727012004860809010000000000
13500212005020816090000000000
00000000004511111020000000000
00000000000000000000000000000
00000000000000000000000000000
00000000000000000000000000000
00000000000000000000000000000
00000000000000000000000000000
~~~~
4.053
6.00
2.99
16.36
N/A
0.288
2.03
10.62
10.49
N/A
