12331108059301500000000000
00011270441161100000000001
00000012611411411411311432
10609609609209109000000002
00000010008001100801620160
99999999999999999999110147
00000000000000000000000000
00000000000000000000000167
01680158016401631177281954
01590769017001650174017300
0000000004054521096504200000
00000000004843420118104200000
00000000000223521146904200000
00000000000000000004813100000
00000000000000000005113200000
00000000000000000005700200000
00000000000000000004924200000
00000000000000000000000000000
00000000000000000000000000000
~~~~
N/A
8.025
4.94
0.20
1.159
0.671
2.04
10.65
19.55
N/A
