12321109289300000000000000
00000002111451871140000001
00000000000000000000000032
16316616414714114000000020
00000000901100601000000155
00000000000000000000100144
00000000000000000000000000
00000000000000000000000000
00000161015601571177218954
01600164016501580163016200
1591621554851316045900200000
15011215003925022664600200000
29957312005014025990000000000
00000000004611918990000000000
00000000000000000000000000000
00000000000000000000000000000
00000000000000000000000000000
00000000000000000000000000000
00000000000000000000000000000
~~~~
3.060
5.955
28.44
15.06
0.583
4.00
2.35
166.3
82.28
N/A
