12333110202201300000000000
00011701691401450000000002
00000012206805805105004833
12011308508107707400000030
00000014014000400602270226
00000000000000000000110212
00000000000000000000000000
00000000000000000000000000
00000228022302241177218954
02250232023502090234023300
0000000004850706051955101$34
00000000004153525024700200000
00000000003915035254200200000
00000000000000000000000000000
00000000000000000000000000000
00000000000000000000000000000
00000000000000000000000000000
00000000000000000000000000000
00000000000000000000000000000
~~~~
3.167
8.32
27.20
1.769
1.392
0.300
1.846
10.84
12.76
N/A
