12326114359301500000000000
00010001981740000000000001
00000000000000000000000022
17215412410810409500000011
00000003500003300000000024
00000000000000000000120002
00000000000000000000000000
00000000000000000000000000
00000023001400181177218954
00160026002700190022002100
25300222050145179960000084.7
24531212004881319023900000000
00000000004612620994200000000
00000000000000000004700000000
00000000000000000000000000000
00000000000000000000000000000
00000000000000000000000000000
00000000000000000000000000000
00000000000000000000000000000
~~~~
6.084
7.143
25.27
0.707
N/A
7.85
0.04
11.23
2.000
4.72
