12325113579400000000000000
00010002001811811800000001
00000000000000000000000043
15914110710310409700000032
00000001701500201700000049
00000000000000000000110033
00000000000000000000000000
00000000000000000000000000
00000055004400451177218954
00460054005300470052005100
25300222050145179960000084.7
24531212004881319023900000000
00000000004612620994200000000
00000000000000000004700000000
00000000000000000000000000000
00000000000000000000000000000
00000000000000000000000000000
00000000000000000000000000000
00000000000000000000000000000
~~~~
5.024
5.912
129.2
15.16
0.06
0.09
0.03
3.697
49.01
4.734
