12323111549410000000000000
00010001701801801791780002
00000000000000000000000000
20019418718618617000000000
00000005606800400600000106
00000000000000000000120089
00000000000000000000000000
00000000000000000000000000
00000107010101021177218954
01030110011101040108010900
0000000004893514996900204434
00000000000000000008100200000
00000000000000000000000000000
00000000000000000000000000000
00000000000000000000000000000
00000000000000000000000000000
00000000000000000000000000000
00000000000000000000000000000
00000000000000000000000000000
~~~~
4.038
5.548
8.31
0.587
3.515
0.06
1.792
2.83
20.00
N/A
