12334114415303300000000000
00012702301590000000000000
00000029328826424221318120
23020220515811909800000000
00000009000000600000200021
00000000000000000000100007
00000000000000000000000000
00000000000000000000000000
00000030001700241177218954
00190028002700220026002500
3460003504851822025900201444
24000022000551919028100200000
00000000000000000005000200000
00000000000000000004700200000
00000000000000000000000000000
00000000000000000000000000000
00000000000000000000000000000
00000000000000000000000000000
00000000000000000000000000000
~~~~
9.05
5.99
6.85
18.49
0.518
0.364
6.55
11.48
623.3
N/A
