12332109174501100000000000
00011611491541510000000002
00000014212811711510410011
10507606805504604700000000
00000007008000200401980199
99999999999999999999110182
00000000000000000000000000
00000000000000000000000000
00000200019301941177281954
01970201020201950204020300
0000000005014020995900208333
00000000004881520016924200000
00000000004613425990000000000
00000000000000000000000000000
00000000000000000000000000000
00000000000000000000000000000
00000000000000000000000000000
00000000000000000000000000000
00000000000000000000000000000
~~~~
5.016
6.550
104.0
0.25
0.618
0.364
1.844
188.7
281.0
N/A
