12324112399400000000000000
00010002121841841790000002
00000000000000000000000000
21321720319818317300000000
00000002001000400200000074
00000000000000000000110061
00000000000000000000000000
00000000000000000000000000
00000075007200731177218954
00760083008400770080007900
00000000048614120281002085.1
00000000004641919074200200000
00000000000000000004600200000
00000000000000000005100200000
00000000000000000005000200000
00000000000000000005900200000
00000000000000000000000000000
00000000000000000000000000000
00000000000000000000000000000
~~~~
5.375
5.92
130.3
8.33
0.312
0.319
0.716
8.77
15.11
5.182
