12432110189100000000000000
44302562410940970930920002
00000011009308607306806200
09408708007406906800000000
00000006105100401155835579
36546271481531442728105549
01010101010101010000000100
01000000000000000090025577
55625564557055692113432510
55625582558155605572557300
0000000003103507004900208003
00000000004317019007400200000
00000000005037018028100200000
00000000004852416025000200000
00000000000000000000000000000
00000000000000000000000000000
00000000000000000000000000000
00000000000000000000000000000
00000000000000000000000000000
~~~~
8.810
5.97
23.91
0.550
1.432
0.570
7.42
9.66
10.00
N/A
