12435115349100000000000000
413$2032011741682242021972
20620314913512812411911400
17115017017014510200000000
00000004304802703456625663
32642431544284915299105649
00000000000000000000000000
00000000000000000000005665
56715677566956702113432510
56785675567656595666566700
3402011604833011026900200000
38010266005024018065900200000
00000000003914513008100200000
00000000004740004015000200000
00000000000000000000000000000
00000000000000000000000000000
00000000000000000000000000000
00000000000000000000000000000
00000000000000000000000000000
~~~~
11.08
6.00
3.17
0.120
0.536
0.12
7.10
12.05
15.00
N/A
