12411115501200000000000000
44302312281651641621621611
16116120721121021020019132
21520019717717117300000020
00000006406701000653395340
03020203170863339977125323
02454050306010356065700203
02030301030202010260285341
53475338534853492113432510
53375353535053355342534300
2600022105011508004600200000
39046221004942009035000200000
00000000004852010010000000000
00000000000000000000000000000
00000000000000000000000000000
00000000000000000000000000000
00000000000000000000000000000
00000000000000000000000000000
00000000000000000000000000000
~~~~
3.077
5.87
22.00
0.028
0.578
7.71
7.12
7.00
19.35
N/A
