12423113357102500000000000
41000000000000000000000001
00000000000000000000000021
00000000000000000000000011
00000000000000000054415442
00000000000000000000105428
00000000000000000000000000
00000000000000000000005447
54485443544954502113432510
54405455545254385444544500
3500002204862516054700205434
00000000002511008000000000000
00000000004931008060000000000
00000000000000000000000000000
00000000000000000000000000000
00000000000000000000000000000
00000000000000000000000000000
00000000000000000000000000000
00000000000000000000000000000
~~~~
11.01
6.538
7.97
0.17
1.500
0.335
0.05
11.60
16.10
N/A
