12422112308100000000000000
43302512491150001161120001
00000027128027925621420521
24722320120217516300000011
00000000000000000054125415
00000000000000000000105397
00405560707000000000000000
00000000000000000210225420
59105411542754262113432510
54095424542294075418541900
0000000004584013024955108003
00000000004812512008700205434
00000000004013513005755100000
00000000000000000006000200000
00000000000000000000000000000
00000000000000000000000000000
00000000000000000000000000000
00000000000000000000000000000
00000000000000000000000000000
~~~~
9.04
5.96
191.2
0.613
0.741
1.172
7.70
9.80
17.67
N/A
