12424114258102500000000000
41000000000000000000000001
00000000000000000000000021
00000000000000000000000021
00000000000000000054745475
00000000000000000000105460
00000000000000000000000000
00000000000000000000005478
54795473548054812113432510
54725488548554705476547700
0000000004832513014700200000
00000000005032006025900200000
00000000004013011008100200000
00000000003111009195000200000
00000000004521008010000000000
00000000000000000000000000000
00000000000000000000000000000
00000000000000000000000000000
00000000000000000000000000000
~~~~
3.333
5.90
23.33
0.591
1.433
0.10
7.12
10.87
11.87
N/A
