12425115618203100000000000
41000000000000000000000001
00000000000000000000000013
00000000000000000000000022
00000000000000000055025503
00000000000000000000115489
00000000000000000000000000
00000000000000000000005508
55115504550955122113432510
55055518551755005506550700
3905131504881205018100200000
00000000004312510015000200000
00000000002510503000000000000
00000000000000000000000000000
00000000000000000000000000000
00000000000000000000000000000
00000000000000000000000000000
00000000000000000000000000000
00000000000000000000000000000
~~~~
4.278
5.767
22.45
0.509
0.317
2.485
7.34
11.30
2.791
N/A
