12431109299100000000000000
41302072081801631721671592
14914821621319216915815000
17217517817516816900000000
00000099951905399955325535
31599955279759417722105520
00000000000000000000000000
00000000000000000000005541
55395545554455402113432510
55325542554995335536553700
1600011003155020075000208003
03000006000511808008100200000
00000000004821710020000000000
00000000002223005030000000000
00000000000000000000000000000
00000000000000000000000000000
00000000000000000000000000000
00000000000000000000000000000
00000000000000000000000000000
~~~~
11.06
5.98
5.581
0.574
N/A
N/A
7.28
7.00
5.882
N/A
