12434114259100000000000000
41302212231561461461431372
12912222122322322120319900
19619317817415515000000000
00000006108705603056315632
53444619834447094622105618
00000000000000000000000000
00000000000000000000005632
56395633563756382113432510
56305647564556285690569100
3402011604833011026900200000
38010266005024018065900200000
00000000003914513008100200000
00000000004740004015000200000
00000000000000000000000000000
00000000000000000000000000000
00000000000000000000000000000
00000000000000000000000000000
00000000000000000000000000000
~~~~
9.01
N/A
N/A
N/A
0.625
0.12
N/A
N/A
N/A
N/A
