12421110352200000000000000
41301941941421461471471431
13913920719516713612512221
15213512811411411300000021
00000004704305310253865385
46979204727922172700125368
00000000000000000000000000
00000000000000000000005389
53905383539153922113432510
53825394539353805387538800
3909824203926625165000208005
37000246005059007075755104644
00000000004930508074955100000
00000000000000000000141100000
00000000000000000008100200000
00000000000000000005100200000
00000000000000000006000200000
00000000000000000000000000000
00000000000000000000000000000
~~~~
8.238
5.833
23.14
0.25
1.100
0.714
6.85
10.46
14.78
N/A
