12532111309400000000000000
41010002381590001541501461
13513900000000000000000043
21519416012411510800000032
00000004403100000000650064
24282527221530192240140045
05000001020200000000000000
00000000000000000000000068
00620068006100623175241781
00690071007000580067006600
0000000002294023077400200000
00000000004840002015000200000
00000000004123624093900200000
00000000003211113006500200000
00000000000000000005700200000
00000000000000000008000200000
00000000000000000000000000000
00000000000000000000000000000
00000000000000000000000000000
~~~~
9.08
5.88
2.73
0.197
0.364
0.667
0.04
183.7
4.828
N/A
