12534112489400000000000000
41010001831341301311301301
13012900000000000000000032
16014914313412211700000020
00000000300000000001290130
36292341465139474840170120
05030404000000000000000000
00000000000000000000000122
01260128012301243175241781
01270134013301200131013200
3151111504914520105900200000
37016216004322008125000200000
00000000004762827060700200000
00000000004811516038000200000
00000000000000000000641100000
00000000000000000000000000000
00000000000000000000000000000
00000000000000000000000000000
00000000000000000000000000000
~~~~
11.10
5.913
192.0
0.205
0.311
0.13
0.03
11.56
57.60
N/A
