12526115355302600000000000
41012392511801771760000002
00000027822921319718718533
22521418016915415000000030
00000007408201700302290230
99999999999999999999160208
05010102000000000000000000
00000000000000000000000225
02280232022602277185241871
02310240023902220238023900
0000000004702114096513100000
00000000002821008120000000000
00000000000000000000000000000
00000000000000000000000000000
00000000000000000000000000000
00000000000000000000000000000
00000000000000000000000000000
00000000000000000000000000000
00000000000000000000000000000
~~~~
5.333
5.944
2.71
0.14
4.23
3.99
N/A
12.19
19.02
N/A
