12523110501200000000000000
41012131991931711680000001
00000024520818617317116143
15214313211911309400000042
00000000400700000001070106
24999999999999999999170082
05010101020203030000000000
00000000000000000000000102
01050110010301043165241761
01110102010300990109010800
3992821604731310045900200000
00000000004831508105000200000
00000000004041716078013200000
00000000000000000006000200000
00000000000000000004700200000
00000000000000000000000000000
00000000000000000000000000000
00000000000000000000000000000
00000000000000000000000000000
~~~~
N/A
5.676
3.49
0.13
N/A
N/A
7.44
10.33
3.704
N/A
