12527115124300000000000000
42012510001721727101701692
16716723121219518617816111
00000000000000000000000000
00000007308200000002700271
99999999999999999999170243
05020303040400000000000000
00000000000000000500100266
02690275026702683185241781
02740277027602610273027200
3999711504892315006600200000
39990013000000000003900200000
00000000000000000005000200000
00000000000000000000000000000
00000000000000000000000000000
00000000000000000000000000000
00000000000000000000000000000
00000000000000000000000000000
00000000000000000000000000000
~~~~
4.125
6.000
5.19
0.17
0.737
3.84
7.04
11.51
16.00
N/A
