12521108479400000000000000
43011451411271261261261271
12712811411010409508808332
12109508207807506700000020
00000014600000100200290030
22312528232825212528150006
05020405000000000000000202
04040000000000002002500000
00280032002600273175241881
00340036003500240032003100
3992802503925728108000200000
00000000004122415085000200000
00000000004811811007400200000
000000000031J2617006000200000
00000000004741012035923100000
00000000000000000000000000000
00000000000000000000000000000
00000000000000000000000000000
00000000000000000000000000000
~~~~
8.294
N/A
N/A
N/A
3.200
3.79
0.04
N/A
N/A
N/A
