12524113239300000000000000
54012562442232182130000001
00000000000000000000000054
18920420820820719900000053
00000053357208804501470148
00000000000000000000190121
05010202020200000000000000
00000000000000000000000143
01460159014401453175241781
01580152015701410150014900
2170001604760711045000200000
00000000004017004030000000000
00000000004830909000000000000
00000000000000000000000000000
00000000000000000000000000000
00000000000000000000000000000
00000000000000000000000000000
00000000000000000000000000000
000000000000000000000-0000000
~~~~
4.346
6.00
2.43
0.12
1.00
1.400
7.08
8.33
13.79
N/A
