12531110239400000000000000
44010002191661671671670001
00000000000000000000000032
18217016114613812700000020
00000000605000000000320033
12264042333530353728150007
05000001000000000000000000
00000000000000000300330030
00280036003100277175241200
00370038003900240034003500
3200001503263214115000204454
29926112002822116126500200000
00000000004820805137400200000
00000000000000000001955100000
00000000000000000005900200000
00000000000000000000000000000
00000000000000000000000000000
00000000000000000000000000000
00000000000000000000000000000
~~~~
9.03
5.99
5.16
0.16
2.522
0.633
0.03
12.37
15.70
N/A
