12525113558300000000000000
41010002431980000000000001
00000000000000000000000032
24020919117516115100000020
00000013700000000001910191
00000000000000000000170166
05010100000000000000000000
00000000000000000000000186
01880192018701897175241771
01930200020101840199019800
0000000004841009020000000000
00000000003921208070000000000
00000000001325030080000000000
00000000004111415000000000000
00000000004011521000000000000
00000000000000000000000000000
00000000000000000000000000000
00000000000000000000000000000
00000000000000000000000000000
~~~~
1.43
6.00
5.07
0.06
1.122
0.689
6.89
11.39
19.00
N/A
