12522109301200000000000000
41011751691091401330000001
00000017512909709008888332
11811210009008908400000020
00000008910600000000660065
53999999999999999999140044
05000001010200000000000000
00000000000000000000000060
00640072006100637185241671
00730075007400580071007000
2350002504862415044700000000
31511115004111613005900200000
00000000004733023110000000000
00000000000000000000000000000
00000000000000000000000000000
00000000000000000000000000000
00000000000000000000000000000
00000000000000000000000000000
00000000000000000000000000000
~~~~
11.03
5.88
3.39
0.25
0.731
1.410
7.77
10.68
15.08
N/A
