12625113233100010000000000
41190002161961811781791762
17416900000000000000000010
20719017016916916600000000
00000005306300000100001033
48212128652742355431171006
00000000000000000000000000
00000000000000000000001029
10301032102710287519241810
10311024102310341026102500
2170036664870202014813204434
23600022064130515020000000000
19961566013900202990000000000
00000000000000000000000000000
00000000000000000000000000000
00000000000000000000000000000
00000000000000000000000000000
00000000000000000000000000000
00000000000000000000000000000
~~~~
2.278
8.101
4.54
0.20
4.70
1.125
6.59
45.00
6.531
N/A
