12628116023201710000000000
44192900001811911981941792
17418728729628928028128700
00000000000000000000000000
00000043064000000011081000
99999999999999999999091998
00000000000000000000000000
00000000000000000000001117
11181119111511167519241810
11071109111211201114111300
2320006610000000006513214017
25100066020000000004924100000
00000000000000000000000000000
00000000000000000000000000000
00000000000000000000000000000
00000000000000000000000000000
00000000000000000000000000000
00000000000000000000000000000
00000000000000000000000000000
~~~~
2.333
5.94
4.61
0.21
2.525
1.287
0.04
11.41
44.36
N/A
