12621109006500010000000000
41191401371241251251241261
12512612812611410810710721
11310710510610510300000011
00000011108300000009070908
39213425131418162609130882
00000000000000000000000000
00000000000000000000000890
08970902090009017519241810
08990904090309090906090500
2380002324870968316513208038
14800004013932513850000006031
00000000004120868400000000000
00000000000000000000000000000
00000000000000000000000000000
00000000000000000000000000000
00000000000000000000000000000
00000000000000000000000000000
00000000000000000000000000000
~~~~
9.08
7.512
8.47
16.84
1.89
0.018
0.144
12.50
83.50
N/A
