12624112201301810000000000
44192352361361371331391401
14013120722021721321621732
21318916816713714200000020
00000008210700000009980999
99995743704792633399130978
50051624343600000000000103
05020700000000000930971000
10001002099109927519241810
09970994099310030995099600
1230032214891822126013214027
29900322010000000000000000000
00000000000000000000000000000
00000000000000000000000000000
00000000000000000000000000000
00000000000000000000000000000
00000000000000000000000000000
00000000000000000000000000000
00000000000000000000000000000
~~~~
9.03
N/A
N/A
N/A
2.567
7.76
8.76
N/A
N/A
N/A
