12627115314301710000000000
42192542511491441371281381
12913021418278275214714055
15715213911911810300000054
00000004008000000010911089
99576337409999999999111066
00000000000000000000000000
00000000000000000000001081
10821087109410957519241810
10881083108410921086108500
0000000004811006048113307011
00000000004142713032644200000
00000000003902010990000000000
00000000001940204010000000000
00000000004900503990000000000
00000000000000000000000000000
00000000000000000000000000000
00000000000000000000000000000
00000000000000000000000000000
~~~~
5.038
6.528
4.14
0.19
2.684
1.266
0.005
513.9
2.909
N/A
