12626175516401410000000000
54192412432122031681651512
14815024423220417116115133
12410308406905905700000030
00000067088806702010561055
99999946999999909384121037
00000000000000000000000000
00000000000000000000001049
10501063105210537519241810
10541058105710611060105900
1240013224115016030000007071
00000000002551509010000000000
00000000004913510990000000000
00000000004833320060000000000
00000000003211408990000000000
00000000000000000000000000000
00000000000000000000000000000
00000000000000000000000000000
00000000000000000000000000000
~~~~
2.174
6.550
4.04
0.15
2.378
0.698
7.87
87.68
57.07
N/A
