12622110042200010000000000
43191761751271281271261261
12612519314411511810811544
13512511211710810100000032
00000009708400000009430944
56999921514746705340130918
50020304050506000000000105
06030503000000001200800940
09410942094709487519241810
09390935093409450938093600
1670031624155125950000008031
23300316044852921950000004000
00000000000000000000000000000
00000000000000000000000000000
00000000000000000000000000000
00000000000000000000000000000
00000000000000000000000000000
00000000000000000000000000000
00000000000000000000000000000
~~~~
2.500
5.93
5.67
0.15
6.04
1.358
0.04
11.96
7.619
N/A
