12633111539400010000000000
41190002331451491461471501
14714300000000000000000032
14813014014813513200000020
00000000000001300000001196
06140407060507131710101173
00000000000000000000000000
00000000000000000000001182
11931199119411957519241810
11911188118711971190118900
1430012214882110028100208033
13200366014102007990000000000
12800021004920101010000000000
00000000000000000000000000000
00000000000000000000000000000
00000000000000000000000000000
00000000000000000000000000000
00000000000000000000000000000
00000000000000000000000000000
~~~~
4.200
7.250
4.71
0.679
0.715
1.112
0.04
11.37
52.69
N/A
