12631110058401410000000000
44190002410000000000000001
00000000000000000000000043
00000000000000000000000032
00000000000000000010001140
00000000000000000000101123
30010102010100000101000000
00000000000000000350401145
11461151113611377519241810
11501142113811481144114300
1520012204121105048123208033
14100566003116020220000022033
19900322004871920060000006031
00000000000000000000000000000
00000000000000000000000000000
00000000000000000000000000000
00000000000000000000000000000
00000000000000000000000000000
00000000000000000000000000000
~~~~
2.395
5.93
4.05
0.167
0.713
0.708
6.87
12.38
46.79
N/A
