12634112499410010000000000
41190001701681651641661651
16616600000000000000000032
16114314114214013700000020
00000011411400900300001222
19312316162123252434081202
00000000000000000000000000
00000000000000000000001216
12171221121812197519241810
12151211121012221213121200
2390054204871821050141107011
13800041014943718078100200000
12900041000000000000000000000
00000000000000000000000000000
00000000000000000000000000000
00000000000000000000000000000
00000000000000000000000000000
00000000000000000000000000000
00000000000000000000000000000
~~~~
1.167
6.556
5.95
0.600
1.300
N/A
0.605
10.46
45.51
N/A
