12611115510001210000000000
41192051941681791821821821
18218320215912610688608622
10809509809608408200000011
00000036916400000008640864
34248960872812994916130850
00000000000000000000000000
00000000000000000000000878
08790871087208737519241810
08630876086608770875087400
0000000000000000000000000000
00000000000000000000000000000
16200114194856300000000000000
24200162103152900000000000000
19900162204081800000000000000
00000000000000000000000000000
00000000000000000000000000000
00000000000000000000000000000
00000000000000000000000000000
~~~~
11.13
6.00
143.7
0.21
0.12
2.632
6.69
9.68
45.49
N/A
