1313411210550130@@@@@@@@@@
41721671201781791800000001
00000016816716816816916821
11911711511411210800000021
00000000000004104001320129
63499990389569476799100110
02010102010201020101010000
00000000000000000000000125
01300128012301262174156458
01220121013701380120011900
1313420000000000@@@@@@@@@@
00000000004373218098113200000
00000000003935821080000000000
00000000000000000000000000000
00000000000000000000000000000
00000000000000000000000000000
00000000000000000000000000000
00000000000000000000000000000
00000000000000000000000000000
~~~~
11.03
6.550
25.96
0.607
3.833
3.92
0.543
12.34
8.235
6.716
