1312411425942000@@@@@@@@@@
43720001141120990000000001
00000000000000000000000054
11311210810710510300000053
00000022024033433900000000
31282845123417291226091737
02020102030103020203010000
00000000000000000000001752
17511756175517542174156458
17471749175017571748174600
1312420000000000@@@@@@@@@@
39900215093972616058013200000
00000000084533519085024100000
00000000050000000000000000000
00000000080000000000000000000
00000000000000000000000000000
00000000000000000000000000000
00000000000000000000000000000
00000000000000000000000000000
~~~~
N/A
9.01
8.27
25.35
0.22
5.22
8.75
0.111
50.00
1.739
6.76
