1313110910450460@@@@@@@@@@
41721081071271281210000001
00000011311411411311010732
09909909809709709500000020
00000000000025625800240023
11602020130932151109100001
01010202010101010101010000
00000000000000000230310017
00180022001500162174156458
00140020002180290013001100
1313120000000000@@@@@@@@@@
25700015114365321068113207348
00000000134821106055024104434
000-0000123120809020000000000
00000000130000000000000000000
00000000000000000000000000000
00000000000000000000000000000
00000000000000000000000000000
00000000000000000000000000000
~~~~
N/A
11.10
6.688
26.40
0.637
2.200
2.471
0.05
11.40
19.21
7.29
