1312511540941000@@@@@@@@@@
41720001281691702001961991
19719500000000000000000032
12512312111811511400000020
00000000000029630100001788
17192824191522292528091763
02020203030418100604090000
00000000000000000000001772
17751778177417732174156458
17711707178617891783177900
1312520000000000@@@@@@@@@@
00000000004851107038113200000
00000000000152320050000000000
00000000000000000000000000000
00000000000000000000000000000
00000000000000000000000000000
00000000000000000000000000000
00000000000000000000000000000
00000000000000000000000000000
~~~~
N/A
7.679
180.0
3.296
1.95
1.333
0.05
11.88
5.714
N/A
