1313211030750130@@@@@@@@@@
41721311131521501621561591
15900015015115916016516932
11711711811611411300000020
00000000000024225100460053
77534668996899996445090061
02060607080804040405050000
00000000000000000000000049
00520047005100502174156458
00480044004500540043004200
1313120000000000@@@@@@@@@@
25700015114365321068113207348
00000000134821106055024104434
000-0000123120809020000000000
00000000130000000000000000000
00000000000000000000000000000
00000000000000000000000000000
00000000000000000000000000000
00000000000000000000000000000
~~~~
5.500
6.675
8.525
0.594
2.163
7.61
0.05
11.59
254.4
6.720
