1312211132710140@@@@@@@@@@
41721831701551581661671652
16900017917717717617417211
16616416316216116000000000
00000030030032035017151716
99996299994045466192091693
03030304060803030606060000
00000000000000000000001705
17061709170717082174156458
17041713171417191700170200
1312220000000000@@@@@@@@@@
28100015083141414065755104454
00000000074631914048113200000
00000000094831509040000000000
00000000090000000000000000000
00000000000000000000000000000
00000000000000000000000000000
00000000000000000000000000000
00000000000000000000000000000
~~~~
11.15
8.250
180.5
15.12
0.701
2.923
0.05
488.8
51.89
7.28
