1312111015310000@@@@@@@@@@
42721821761721731661631511
14614417016917017017016921
15515114213512812500000021
00000033037042045016741673
99997157999999780000091682
03150908081002020304030000
00000000000000000000001660
16611662167116722174156458
16631669167016781667166500
1312120000000000@@@@@@@@@@
39900346040511309011224104434
00000000093942514025013200000
00000000113153516105755100000
00000000110000000008155200000
00000000000000000000000000000
00000000000000000000000000000
00000000000000000000000000000
00000000000000000000000000000
~~~~
9.11
8.25
3.46
0.15
0.017
7.66
0.05
162.5
267.1
6.560
