1313311120820220@@@@@@@@@@
41721371151181181150000001
00000015715515014113112921
09309108908708608500000021
00000000000030630800910089
32081813223226989999080092
02010202010101010101010000
00000000000000000000000075
00760079007800772174156458
00740085008600870073007200
1313320000000000@@@@@@@@@@
32000115114306321068113204444
00000000114802116045013200000
00000000110000000000000000000
00000000120000000000000000000
00000000000000000000000000000
00000000000000000000000000000
00000000000000000000000000000
00000000000000000000000000000
~~~~
4.133
5.88
27.07
0.17
1.090
1.197
0.138
12.34
14.87
6.575
