1323611420620130@@@@@@@@@@
51021511471211191190000001
00000000000000000000000022
00000000000000000000000011
00000018717601501738703867
99999999999999999999113849
02151718171508141614110403
01091004010102030130143864
38633862386638657584165112
38613873387538773869386800
1323620000000000@@@@@@@@@@
23500215234871707045713201
00000000003935722020000000
00000000000000000000000000
00000000000000000000000000
00000000000000000000000000
00000000000000000000000000
00000000000000000000000000
00000000000000000000000000
~~~~
9.49
5.833
4.80
0.17
N/A
N/A
0.04
12.40
20.00
7.41
