1322110933110210@@@@@@@@@@
43021271261271261281291291
12812813313413213413513732
12312412412412612500000020
00000009406807403535393540
35493822993130678264123528
05040302040300020101020101
02071227675654571462103553
35413547355535547584135112
35463562356035513559355800
1322120000000000@@@@@@@@@@
29936066203933512025713208001
00000000004852115015013201254
00000000003113618105913200000
00000000004712910017413200000
00000000000000000000000000000
00000000000000000000000000000
00000000000000000000000000000
00000000000000000000000000000
~~~~
11.04
5.99
5.25
0.21
2.200
7.75
0.04
12.10
16.50
7.28
