1323210928320180@@@@@@@@@@
41021181051331351331310001
00000014014113914214314322
10410310510510610500000011
00000002812604570637423744
99999999999999999999113729
00000000000000000000000000
00000000000000000000003749
37483747375137507584165112
37403754375637523746374500
1323220000000000@@@@@@@@@@
23000115224871509010721108001
00000000003925017040641200000
00000000004613419075913200000
00000000000000000000000000000
00000000000000000000000000000
00000000000000000000000000000
00000000000000000000000000000
00000000000000000000000000000
~~~~
5.500
5.794
4.38
0.208
1.154
2.033
0.04
11.64
6.957
7.26
