1322311235961000@@@@@@@@@@
30020001171081100000000000
00000000000000000000000000
11611511711811811800000000
00000005605107406236363635
12101315171716181314133620
00000000000000000000000000
00000000000000000000003637
36383633363936407584165112
36323652365336503648364700
1322320000000000@@@@@@@@@@
22000123224372127031955104244
00000000000932920035713200000
00000000000000000004813200000
00000000000000000000000000000
00000000000000000000000000000
00000000000000000000000000000
00000000000000000000000000000
00000000000000000000000000000
~~~~
11.13
9.02
8.41
1.720
2.667
1.057
0.04
10.33
145.7
5.654
