1322411350710000@@@@@@@@@@
43020001451111071071051051
10300000000000000000000032
14414614514714614800000020
00000008007242623336773681
18141514171915121113123655
00000000000000000000000000
00000000000000003003003670
36723666367136697584165112
36743684368536823676367500
1322420000000000@@@@@@@@@@
21000126224334317010555209006
00000000003925019015913201254
00000000004852218020000000000
00000000000000000000000000000
00000000000000000000000000000
00000000000000000000000000000
00000000000000000000000000000
00000000000000000000000000000
~~~~
N/A
2.167
8.069
22.24
0.24
4.75
8.53
0.04
11.51
143.7
5.651
