1323411242620350@@@@@@@@@@
41021431251080919800000001
00000016116216416516516644
00000000000000000000000032
00000006205701702138053806
99999999999999999999123788
00000000000000000000000000
00000000000000000000003802
38013800380438037584165112
37993813381438113809380800
1323420000000000@@@@@@@@@@
39958210233973114044713204444
00000000004924215055013500000
00000000004510605021955100000
00000000000000000000000000000
00000000000000000000000000000
00000000000000000000000000000
00000000000000000000000000000
00000000000000000000000000000
~~~~
9.13
5.84
5.21
0.22
4.17
3.77
0.03
10.67
10.37
6.004
