1323511345520240@@@@@@@@@@
54021580961231081250000001
00000015415315615715715844
89509709709909810000000032
00000020414302302438353836
99999999999999999999113819
03142530445558708668600000
00000000000000000000003834
38333832000038377584165112
38313845384638403840383900
1323520000000000@@@@@@@@@@
00000000004591304306513204444
00000000000000000005913200000
00000000000000000005013200000
00000000000000000000000000000
00000000000000000000000000000
00000000000000000000000000000
00000000000000000000000000000
00000000000000000000000000000
~~~~
2.190
5.94
6.84
0.10
0.600
4.05
0.105
659.9
17.82
7.31
