1323110846220000@@@@@@@@@@
41020000711191251220000001
00000000000000000000000032
07006906906806606500000020
00000005106058103037083707
15111213122015101011103689
00000000000000000000000000
00000000000000000000003701
37003704370337027584165112
36993718371937053713371200
1323120000000000@@@@@@@@@@
20900025233923013018113204444
00000000004022409020555100000
00000000004641605027413200000
00000000004811406100000000000
00000000004913616100000000000
00000000000000000000000000000
00000000000000000000000000000
00000000000000000000000000000
~~~~
9.33
5.96
9.73
0.18
0.570
3.50
0.05
11.96
19.08
5.036
