1323811518860240@@@@@@@@@@
00021281251011031010000001
00000012712712912813013122
12512312312412212000000011
00000014115207601238943893
99999999999999999999113905
00000000000000000000000000
00000000000000000000003888
38873885389038897584165112
38863902390438953892389100
1323820000000000@@@@@@@@@@
10500026234882510054924104
00000000003927019300000000
00000000000000000000000000
00000000000000000000000000
00000000000000000000000000
00000000000000000000000000
00000000000000000000000000
00000000000000000000000000
~~~~
11.12
5.87
7.75
0.611
N/A
2.915
0.04
11.96
19.30
5.701
