1323711542760210@@@@@@@@@@
41021281250760750730720000
00000000000000000000000000
00000000000000000000000000
00000018218100500100000000
00000000000000000000000000
00000000000000000000000000
00000000000000000000000000
00000000000000000520105110
00003920392200003919391800
1323720000000000@@@@@@@@@@
00000000000000000000000000
00000000000000000000000000
00000000000000000000000000
00000000000000000000000000
00000000000000000000000000
00000000000000000000000000
00000000000000000000000000
0000000000000000000*000000
~~~~
3.500
5.786
4.51
0.25
N/A
3.85
0.050
12.39
16.90
6.008
