1322211035610120@@@@@@@@@@
41021461531141161131121121
11011114614514514414514622
13213113413313413600000011
00000007905214208435913595
99998572333837314747123576
00000000000000000000000000
00000000000000000000003607
36063589360936087584165112
35903617361836103615361600
1322220000000000@@@@@@@@@@
23000116224733925047413201
00000000004312113015913200
00000000003266624084213200
00000000000000000005113200
00000000000000000000000000
00000000000000000000000000
00000000000000000000000000
00000000000000000000000000
~~~~
2.088
5.97
25.89
0.667
4.27
3.194
0.375
10.94
44.90
5.720
