1332211010420000@@@@@@@@@@
43301621541381371371361361
13400019718316916715214832
15314013111710409600000020
00000025927900000027162715
54403934444944999999092706
05020305060803050709100000
00000000000000000000002717
27182721271927201145571218
27222724272327262728272900
1332220000000000@@@@@@@@@@
16016112004919917004700200000
00000000004884017047400200000
00000000004719915006900200000
00000000000000000008100200000
00000000000000000000000000000
00000000000000000000000000000
00000000000000000000000000000
00000000000000000000000000000
~~~~
N/A
3.375
5.816
26.66
0.571
3.301
7.73
0.02
10.00
19.62
6.511
