1333110810420000@@@@@@@@@@
41300860641021111040000001
00000010810410210110110132
09209109109109008800000020
00000005404400000029152916
99879276899999999999102893
03010202030301030304050000
00000000000000000000002903
29042907290529061145571218
29082918291729132921292200
1333120000000000@@@@@@@@@@
00000000004054516110531100000
00000000004555816084700200000
00000000000000000007400200000
00000000000000000005000200000
00000000000000000000000000000
00000000000000000000000000000
00000000000000000000000000000
00000000000000000000000000000
~~~~
N/A
3.333
6.536
26.74
7.53
3.682
1.286
0.04
11.01
45.90
6.025
