1332110916520000@@@@@@@@@@
41301271251391381390000001
00000011911710910710510432
11010810510410208800000020
00000006004400000026882679
46222729161116192265102660
03020303040401030607090000
00000000000000000000002670
26712678267626771145571218
26722690268926942697269900
1332120000000000@@@@@@@@@@
39976310025018918006900208004
00000000003919918008100200000
00000000004885008010000000000
00000000000000000000000000000
00000000000000000000000000000
00000000000000000000000000000
00000000000000000000000000000
00000000000000000000000000000
~~~~
N/A
4.200
5.98
25.00
0.698
3.556
0.718
0.647
9.64
4.545
6.699
