1332611506911000@@@@@@@@@@
41300001171601581571511471
00000000000000000000000032
10711311210509809400000020
00000008008205600028902872
06050809121518171822102850
05050606080906070708100000
00000000000000000000002861
28622863287928641145571218
28602876287528692878287700
1332620000000000@@@@@@@@@@
33000022004844609048100208001
00000000004949918057400200000
00000000003929921000000000000
00000000000000000000000000000
00000000000000000000000000000
00000000000000000000000000000
00000000000000000000000000000
00000000000000000000000000000
~~~~
N/A
2.063
7.629
7.586
0.741
2.875
3.81
0.013
11.82
250.5
6.133
