1332311123610230@@@@@@@@@@
53301961701501491341291252
12412319118017517216616420
15114714314113813400000000
00000013405200001027482747
99999999999999999999102737
05060810121305070910110000
00000000000000000000002751
27522756275427551145571218
27502763276227592764276500
1332320000000000@@@@@@@@@@
00000000004839915004900208031
00000000000125507005000200000
00000000003958508087400200000
00000000000000000006900200000
00000000000000000008100200000
00000000000000000000000000000
00000000000000000000000000000
00000000000000000000000000000
~~~~
N/A
11.01
5.96
25.00
0.637
1.044
4.10
0.050
10.15
18.56
7.29
