1333311023810230@@@@@@@@@@
41300000991281221301301312
13012700000000000000000033
07807507106906706600000030
00000008809100000029752976
61606281756352655363102965
03020406101201010203090000
00000000000000000000002977
29782982297929801145571218
29812986298529832988298900
1333320000000000@@@@@@@@@@
00000000054821510045700201
00000000004144521026924100
00000000003927920150000000
00000000004520705050000000
00000000000000000000000000
00000000000000000000000000
00000000000000000000000000
00000000000000000000000000
~~~~
9.10
6.667
180.8
7.51
1.70
7.88
0.344
11.64
57.24
7.28
