1333210925420550@@@@@@@@@@
41301121021321391341360002
00000012211611210509608833
10510209909509008000000030
00000022121907519929402941
99999999999999999999102930
04010202030401010202030000
00000000000000000000002942
29432946294429451145571218
29472949295229572951295300
133322000$000000@@@@@@@@@@
00000000024811308005700208003
00000000003957422058100200000
00000000004711205004700200000
00000000004521004031800200000
00000000003111710000000000000
00000000000000000000000000000
00000000000000000000000000000
00000000000000000000000000000
~~~~
11.04
5.99
4.82
0.656
3.833
2.071
0.04
11.39
18.66
6.542
