1333511256310130@@@@@@@@@@
41301380881521321410000001
00000016416316014213311032
08008608708608208000000020
00000000000000000030443045
99997299819999999599103027
05010202020301010101020000
00000000000000000000003038
30393043304030411145571218
30423050305130463052305300
1333420000000000@@@@@@@@@@
14001116023214813005700209001
00000000004863119024700200000
00000000000523011060000000000
00000000000912311000000000000
00000000000000000000000000000
00000000000000000000000000000
00000000000000000000000000000
00000000000000000000000000000
~~~~
N/A
8.950
7.621
27.71
0.509
3.000
1.143
0.175
479.2
85.23
7.40
