1332411217910000@@@@@@@@@@
53300001681611561581551502
14914200000000000000000020
18718718618317717500000000
00000015408000000027912792
95867786798881787675102772
05030405071003070910130000
00000000000000000000002784
27852782278627871145571218
27832796279727882810281300
1332420000000000@@@@@@@@@@
00000000000128012035000200
00000000004555211028100200
00000000004812103000641100
00000000003927415034700200
00000000000000000004600200
00000000000000000000000000
00000000000000000000000000
00000000000000000000000000
~~~~
3.167
5.97
25.00
0.632
0.13
0.13
0.05
12.12
17.25
6.646
