1332511356911000@@@@@@@@@@
41300001171501521461401441
00000000000000000000000032
11511311010710509700000021
00000001511800000028362837
06100607070703060304102819
05030405050602030304050000
00000000000000000000002829
28302834283128321145571218
28332842284128392843284400
1332520000000000@@@@@@@@@@
29997025034931816044700200000
00000000004872114025700200000
00000000000000000000000000000
00000000000000000000000000000
00000000000000000000000000000
00000000000000000000000000000
00000000000000000000000000000
00000000000000000000000000000
~~~~
2.391
6.731
27.58
7.51
1.77
1.320
0.05
26.56
17.56
N/A
