1333411208510350@@@@@@@@@@
41301151131211201211220002
00000015515214714413613211
09909709609509308800000000
00000004403614811230133014
99999999999999999999092998
02010303040502030506080000
00000000000000000000003007
30083022300930121145571218
30113019301830153020302100
1333420000000000@@@@@@@@@@
14001116023214813005700209001
00000000004863119024700200000
00000000000523011060000000000
00000000000912311000000000000
00000000000000000000000000000
00000000000000000000000000000
00000000000000000000000000000
00000000000000000000000000000
~~~~
11.17
5.794
28.41
15.02
2.388
3.51
0.021
11.68
7.843
6.82
