1343211030950270@@@@@@@@@@
44301571230790760770000001
00000012112011911711611343
10610510410310110100000032
00000031039001401700540055
57745161635742363247090040
01020202020201010101010101
00000000000000000130150049
00590056005000524516917823
00530061006300570064006200
1343220000000000@@@@@@@@@@
33000214054372028024600204644
00000000004922020104153116001
00000000003612522994700200000
00000000000000000005700200000
00000000000000000008100200000
00000000000000000000000000000
00000000000000000000000000000
00000000000000000000000000000
~~~~
N/A
11.13
5.700
7.692
0.23
2.222
3.89
0.734
11.49
16.47
6.528
