1342111030510230@@@@@@@@@@
41031351321300001311311301
12800012211010810710610543
11211211211211211100000032
00000003000000900000410038
19050406041322260719100023
05040403040500000000000000
00000000000000000000000035
00060042003300494518717825
00370046004500510047004800
1342120000000000@@@@@@@@@@
34000214214392513038100208
27000212200000000005700205
00000000000000000006000201
00000000000000000004700214
00000000000000000006500204
00000000000000000005100200
00000000000000000000000000
00000000000000000000000000
~~~~
11.63
N/A
N/A
N/A
4.07
3.82
0.04
N/A
N/A
5.733
