1343311409620250@@@@@@@@@@
41302111451651421521501472
14914716216116116116116000
15115015014914814700000000
00000025524300300401270129
43998466685599999999090114
05050506060602020300000000
00000000000000000000000123
01260128012401254516917825
01300134013501380133013100
1343320000000000@@@@@@@@@@
10700011053914020998100208
21000312054691521031255100
00000000000000000005000200
00000000000000000004824100
00000000000000000004700200
00000000000000000000000000
00000000000000000000000000
00000000000000000000000000
~~~~
4.400
6.00
23.69
0.644
4.05
0.750
0.04
11.18
15.00
7.34
