1342511400941330@@@@@@@@@@
41301141121461471461461452
14514511611611611611611511
13513413413313213100000000
00000001002000400501420143
23212217201529112013100126
05010203050607090911110000
00000000000000000000000136
01400144014801394516917825
01450150014901610152015100
1342520000000000@@@@@@@@@@
29900046524370607035700208344
19926115534630405010641100000
00000000000000000004700200000
00000000000000000008100200000
00000000000000000000141100000
00000000000000000000000000000
00000000000000000000000000000
00000000000000000000000000000
~~~~
5.280
5.855
9.39
0.526
4.36
1.454
0.012
637.5
7.347
6.625
