1342411500942000@@@@@@@@@@
41300001310670690650640622
00000000000000000000000000
06205905905805805700000000
00000001001000600701800182
22261814273127371922090167
05020303040401020203040000
00000000000000000000000176
01780183017701794516917825
01840189019001860192019100
1342420000000000@@@@@@@@@@
30500314054900600058100204434
10300013054002012060124100000
00000000004601514024700200000
00000000000000000005700200000
00000000000000000006000200000
00000000000000000002055100000
00000000000000000000000000000
00000000000000000000000000000
~~~~
9.05
5.88
24.72
0.25
0.583
4.56
0.041
11.39
0.678
6.83
