1343110830220170@@@@@@@@@@
41301191061381371341321291
00000016216116015815515444
09309209209108808800000032
00000024021000700700170019
80999937999599997799090001
05020202020203040404070000
00000000000000000000000012
00140020001600154516917825
00130026002700100028002900
1343120000000000@@@@@@@@@@
12000014053133011060141100
24000115060511005068124100
00000000004630303024824100
00000000004331507046000200
00000000000000000005100200
00000000000000000005000200
00000000000000000000000000
00000000000000000000000000
~~~~
9.05
5.750
21.94
0.668
3.962
3.95
0.043
10.55
10.81
6.191
