1342211200910110@@@@@@@@@@
43301741721290001231210002
00000016516416316316216210
16115915915715415200000000
00000008000001100000790077
74999985992499769937110061
05020203040700000000000000
01010100000000002100000084
00750078008500744516317825
00760080008100890082008300
1342220000000000@@@@@@@@@@
12500516054744024024700204644
35000315043913026995700200000
00000000003151813048100200000
00000000000000000004200200000
00000000000000000006500200000
00000000000000000003900200000
00000000000000000003700200000
00000000000000000000000000000
~~~~
9.04
6.588
5.652
0.192
1.026
3.54
0.04
12.03
13.86
6.089
