1343511617850330@@@@@@@@@@
41302101731461441441430002
00000012512412412111911900
10610210109909709400000000
00000014013700600601590160
99997773998480999982090147
05010202030202020303040000
00000000000000000000000175
015A0161015601764516917825
01620167016801720170016900
1343520000000000@@@@@@@@@@
03000022054602023055755107
10500312050200305014824108
00000000004801508011855100
00000000000000000000555100
00000000000000000000141100
00000000000000000000000000
00000000000000000000000000
00000000000000000000000000
~~~~
11.06
5.91
24.75
0.190
2.310
N/A
2.000
11.98
8.750
6.212
