1343411200520370@@@@@@@@@@
41301691341171121061041010
09909200000000000000000000
00000000000000000000000000
00000007006100000000950093
99359999779955995499110069
05040505060602030405060000
00000000000000000000000081
00820094008300054516917825
00900089009200960087008800
1343420000000000@@@@@@@@@@
39911216050000000000000000000
39911216050000000000000000000
00000000000000000000000000000
00000000000000000000000000000
00000000000000000000000000000
00000000000000000000000000000
00000000000000000000000000000
00000000000000000000000000000
~~~~
11.10
5.577
25.67
0.15
2.903
7.79
0.05
11.95
18.85
N/A
