1342311300910330@@@@@@@@@@
41301611511311231261231222
00000014214213813713613510
12412111911411210900000000
00000012013000100101100111
52997799999962779992110092
05010102030302020203030000
00000000000000000000000103
01060112010401054516217825
01070118011701080119012000
1342320000000000@@@@@@@@@@
39900225054352014035000204
39900225054034016108100200
00000000004920304053700200
00000000000000000003900200
00000000000000000005724100
00000000000000000004824100
00000000000000000000000000
00000000000000000000000000
~~~~
11.01
5.98
27.32
0.563
3.091
7.76
0.05
604.6
20.00
6.625
