1352611416911570@@@@@@@@@@
41180001511421420000000002
00000000000000000000000010
14714614314013713700000020
00000012713100000012301255
63654959657878786875111215
10010203000001020300000000
00000000000000000000001235
12861233123312341159471251
12291251124812311241124000
1352620000000000@@@@@@@@@@
00000000004041512076500200000
00000000004930406048024100000
00000000003934020100000000000
00000000000000000000000000000
00000000000000000000000000000
00000000000000000000000000000
00000000000000000000000000000
00000000000000000000000000000
~~~~
6.316
5.99
27.30
0.696
1.468
1.135
0.04
12.22
14.04
7.28
