1352511350810210@@@@@@@@@@
41181980001821750000000002
00000025026827227827827610
00000000000000000000000000
00000081743400000012100000
99999999999999999999111179
00030304000003030300000000
00000000000000000000001195
11961211119311941159471251
11921213121211991204120200
1352520000000000@@@@@@@@@@
00000000004151508010000000000
00000000004750202010000000000
00000000000000000000000000000
00000000000000000000000000000
00000000000000000000000000000
00000000000000000000000000000
00000000000000000000000000000
00000000000000000000000000000
~~~~
N/A
3.500
5.95
27.61
0.694
2.057
4.04
0.04
11.58
4.14
7.29
