1353111001830160@@@@@@@@@@
43181081011191150000000001
00000008308508608408408444
08408208208108007800000032
00000001000100000013651379
99999999999999999999111337
03030205050101010100010000
00000100000304000200161353
13541352135513561159471251
13511374137213681362136000
1353120000000000@@@@@@@@@@
26028312223981004013953214027
00000000004621210035724104645
00000000000000000006500200000
00000000000000000000000000000
00000000000000000000000000000
00000000000000000000000000000
00000000000000000000000000000
00000000000000000000000000000
~~~~
N/A
4.167
5.96
29.13
3.483
1.095
1.172
0.03
11.29
13.71
6.108
