1352711451911270@@@@@@@@@@
43180001601481470000000002
00000000000000000000000010
14614914614814814900000010
00000009328200000013220000
84899794918690898599111302
10020303000002020300000000
00000000000000000610621319
13201314131513161159471251
13131331132813171323132100
1352720000000000@@@@@@@@@@
28020022104192012026500200
00000000005011511020000000
00000000000000000000000000
00000000000000000000000000
00000000000000000000000000
00000000000000000000000000
00000000000000000000000000
00000000000000000000000000
~~~~
5.132
5.630
27.00
0.196
3.000
2.604
0.04
11.90
15.52
7.43
