1352110945130130@@@@@@@@@@
12182222101251100000000001
00000014515515815913613943
14214213713512712300000032
00000014714000000010481046
99999999425039343531101018
00000000000000000000000000
00000000000000000000001038
10431029103610371159471251
10301057105010341040103900
1352120000000000@@@@@@@@@@
33228113054161309026903200000
00000000003211515205055100000
00000000004610202070000000000
00000000003925020050000000000
00000000000000000000000000000
00000000000000000000000000000
00000000000000000000000000000
00000000000000000000000000000
~~~~
N/A
9.03
5.929
28.93
0.576
1.76
1.182
0.007
12.06
19.03
6.241
