1352411320930110@@@@@@@@@@
51171801681681780000000002
00000018418719018918518110
17217317217217117100000010
00000000000000000011761175
75655743507499954899111139
00000000000000000000000000
00000000000000000000001155
11561151115211541159471251
11501177117311671166116500
1352420000000000@@@@@@@@@@
35011014164151510056500200000
00000000004150202030000000000
00000000000000000000000000000
00000000000000000000000000000
00000000000000000000000000000
00000000000000000000000000000
00000000000000000000000000000
00000000000000000000000000000
~~~~
N/A
5.125
5.98
27.36
3.154
1.330
1.274
0.002
33.33
17.23
7.27
