1352311114410170@@@@@@@@@@
11181811701501501501511491
00000018419918017617215722
15415315014714413000000011
00000010109400000011281127
99999999999999999999111103
00050505050405060505040000
00000000000000000000001118
11191122111611171159471251
11201134113111141123112100
1352220000000000@@@@@@@@@@
34051014114642010055700200000
00000000004161008020000000000
00000000000000000000000000000
00000000000000000000000000000
00000000000000000000000000000
00000000000000000000000000000
00000000000000000000000000000
00000000000000000000000000000
~~~~
N/A
6.545
5.96
28.68
1.556
1.261
4.03
0.04
N/A
7.879
7.28
