1353411202120340@@@@@@@@@@
41180690681011070000000001
00000012712913013113112843
09209008908608408200000032
00000008208000000014611449
15329934367699323222111432
03040505060000000000000000
00000000000000000000001444
14451443144614471159471251
14621475147114631457145000
1353420000000000@@@@@@@@@@
24520312115023012085000204434
00000000004762511025700200000
00000000003124012092641100000
00000000000000000006900200000
00000000000000000000000000000
00000000000000000000000000000
00000000000000000000000000000
00000000000000000000000000000
~~~~
5.100
5.88
28.66
3.429
2.816
0.693
0.05
10.19
1.633
6.657
