1352211027610350@@@@@@@@@@
43182031731351370000000001
00000000000000000000000032
00000000000000000000000020
00000001400000000010771076
99999955759999999999111062
00000000000000000000000000
00000000000000000000001078
10791075108010811159471251
10741097109310911084108300
1352220000000000@@@@@@@@@@
34051014114642010055700200
00000000004161008020000000
00000000000000000000000000
00000000000000000000000000
00000000000000000000000000
00000000000000000000000000
00000000000000000000000000
00000000000000000000000000
~~~~
6.500
5.96
28.23
1.400
6.63
1.417
N/A
12.02
16.52
7.28
