1353311300120150@@@@@@@@@@
30171341301371400000000001
00000011710910810710610444
11411010810610410200000032
00000017008600000015261528
30361822292821212222111483
01010101010101010101010000
00000000000000000100061501
15001494150315041159471251
14981538153115201513151100
1353320000000000@@@@@@@@@@
39926114233141506016500200000
00000000004761506010000000000
00000000000000000000000000000
00000000000000000000000000000
00000000000000000000000000000
00000000000000000000000000000
00000000000000000000000000000
00000000000000000000000000000
~~~~
N/A
5.458
5.99
5.32
5.833
0.352
1.065
0.268
9.29
10.46
6.658
