1353211101620150@@@@@@@@@@
41180001391221240000000001
00000000000000000000000022
16016516417217817900000011
00000001400100000014051408
99999999999945575947111387
00000000000000000000000000
00000000000000000000001401
14021400140314041159471251
13991430142714251414141000
1353220000000000@@@@@@@@@@
00000000004093520046500208031
00000000001811015095100204444
00000000000000000006900200000
00000000000000000006924100000
00000000000000000000000000000
00000000000000000000000000000
00000000000000000000000000000
00000000000000000000000000000
~~~~
N/A
6.400
7.080
26.99
1.615
4.07
0.107
0.702
11.79
14.21
6.514
