1363411242630460@@@@@@@@@@
41121410901261241761670001
00000014013011710409608543
09108508007707206800000030
00000000200100000024152421
09041008121207041213122395
20020600000000000000000000
00000000000000000000002408
24092414241024112116879534
24132430242924242427242800
1363420000000000@@@@@@@@@@
23500020425044720026000204144
45900044404542421045100200000
00000000003921606067400200000
00000000000000000000000000000
00000000000000000000000000000
00000000000000000000000000000
00000000000000000000000000000
00000000000000000000000000000
~~~~
5.286
5.944
28.26
4.000
1.194
4.29
6.84
8.871
56.66
7.26
