1363311144840980@@@@@@@@@@
41121060961151151401350001
00000011109908607707006432
07207006906806806700000020
00000001201300000023492350
18152514201315162123102381
20010300000000000000000000
00000000000000000000002343
23442348234523462116879534
23472359236023552358235700
1363320000000000@@@@@@@@@@
63100022444914116106000208
43500145441873617057400207
00000000001325319115200203
00000000000000000004713100
00000000000000000000000000
00000000000000000000000000
00000000000000000000000000
00000000000000000000000000
~~~~
2.283
8.27
28.63
0.178
0.277
7.81
0.132
12.23
94.78
6.250
