1362811503941120@@@@@@@@@@
41120001751771781961931951
18800000000000000000000021
16516616817117417600000021
00000099999900000032303231
39373045312123232217083217
20111300000000000000000000
00000000000000000000003225
32263232322732282116879534
32293239323532423234323300
1362820000000000@@@@@@@@@@
85300016494092108095000208031
22700055500000000004924116651
00000000000000000000641100000
00000000000000000000000000000
00000000000000000000000000000
00000000000000000000000000000
00000000000000000000000000000
00000000000000000000000000000
~~~~
N/A
4.094
9.10
27.96
1.529
0.253
0.346
0.03
11.71
258.7
6.701
