1362611339710120@@@@@@@@@@
41120001691411391641620001
00000000000000000000000032
17717617417016816400000020
00000038838703900031653166
10211215050911101317083156
20041000000000000000000000
00000000000000000000003168
31693167317131722116879534
31643183318431793182318100
1362620000000000@@@@@@@@@@
29900046374832915036000208144
12100015384021719055000202434
00000000005032512037400200000
00000000000000000008100200000
00000000000000000000000000000
00000000000000000000000000000
00000000000000000000000000000
00000000000000000000000000000
~~~~
6.448
7.045
28.24
2.000
1.162
0.709
0.017
2.778
580.0
5.162
