1362711418942000@@@@@@@@@@
53120001221531491431690001
00000000000000000000000055
12111911811611511400000054
00000007210101501932103211
22211711101806081117093187
00050606000000000000000000
00000000000000000000003197
31983212319932002116879534
32063215321432033209320800
1362720000000000@@@@@@@@@@
12100016003913015027400204
00000000004782718018100203
00000000004012417075100200
00000000000000000000000000
00000000000000000000000000
00000000000000000000000000
00000000000000000000000000
00000000000000000000000000
~~~~
5.167
9.10
123.0
3.600
0.276
0.750
0.118
11.22
556.6
6.654
