1362210935120110@@@@@@@@@@
53121551571421431370000001
00000024322220318416814721
16816015314613712900000011
00000006603302207430373038
09051117220811141607083024
20060600000000000000000000
00000000000000000000003033
30343039303530362116879534
30323049304830443046304700
1362220000000000@@@@@@@@@@
47200046364871107017400208055
36751014384523921115100204444
00000000001811108068100200000
00000000000000000000524100000
00000000000000000003900200000
00000000000000000000000000000
00000000000000000000000000000
00000000000000000000000000000
~~~~
11.22
9.09
120.8
8.69
0.594
2.326
0.03
461.9
543.8
4.73
