1362110844000160@@@@@@@@@@
41120001101251271270000001
00000000000000000000000032
10210110110009909900000020
00000007206503504430033004
04030611020405030104092989
20050800000000000000000000
00000000000000000000003009
29993005300130022118795634
30063012301430073010301100
1362120000000000@@@@@@@@@@
34900046434821510015000204444
12400040465045919036500202444
00000000004056921020555100000
00000000000000000000641100000
00000000000000000000000000000
00000000000000000000000000000
00000000000000000000000000000
00000000000000000000000000000
~~~~
6.243
6.645
28.24
1.349
0.339
2.583
0.04
6.522
195.0
6.664
