1363511620640510@@@@@@@@@@
41121171111211190000000001
00000010409709108608007643
10910309608708107400000042
00000003200700000033133314
10141513071109111414103298
20010000000000000000000000
00000000000000000000003309
33103315331133122118779534
33083323332233183320332100
1363520000000000@@@@@@@@@@
56800116394634310046000217344
36000142410114814095200203154
00000000005062608075900200000
00000000000000000000000000000
00000000000000000000000000000
00000000000000000000000000000
00000000000000000000000000000
00000000000000000000000000000
~~~~
N/A
4.136
5.97
7.02
0.594
1.286
2.209
0.04
12.15
7.843
6.155
