1363110951940170@@@@@@@@@@
44121190990950940930000001
00000011711311010510009643
09709609409309109100000032
00000000000004305232713272
35221716050806101625103277
03010202030405030301010001
01250111000000000350333264
32653270326632672116879534
32633276327532683273327400
1363120000000000@@@@@@@@@@
23300026444860908018100204444
78100116433912316075100203254
00000000003222617096500207031
00000000002213418060000000000
00000000000000000000000000000
00000000000000000000000000000
00000000000000000000000000000
00000000000000000000000000000
~~~~
2.167
5.77
4.11
0.653
1.074
1.087
0.04
12.44
16.00
5.746
