1362511224941470@@@@@@@@@@
41120001251591581721680001
00000000000000000000000021
12712311911411010700000021
00000002601320605131283129
07050503110306040206093116
20020400000000000000000000
00000000000000000000003130
31313126313231332116879534
31253141314031383143314200
1362520000000000@@@@@@@@@@
12410314444860302017400204444
43900116424015223075900200000
00000000004632118088100200000
00000000000000000000000000000
00000000000000000000000000000
00000000000000000000000000000
00000000000000000000000000000
00000000000000000000000000000
~~~~
N/A
1.49
6.571
122.5
0.630
0.060
0.290
0.05
10.53
58.66
5.079
