1362411124710360@@@@@@@@@@
43121731731481501381770001
00000017516515714914213721
13613312912812512300000011
00000005505400601630983100
22121310050905031113093083
17030405050000000000000101
05060000000000002001933092
30933108309430952116879534
30973106310731013103310400
1362420000000000@@@@@@@@@@
66300022424852011015100204444
86500015411820914025913114037
00000000004631317018100200000
00000000000000000000000000000
00000000000000000000000000000
00000000000000000000000000000
00000000000000000000000000000
00000000000000000000000000000
~~~~
N/A
6.778
7.569
120.0
1.974
4.80
2.760
0.533
7.78
100.0
7.26
