1373110853230000@@@@@@@@@@
42060960891220881210000001
00000010610409508908307622
08808808808808708500000011
00000006305617517967576762
09131715151210070709106739
00000000000000000000000000
00000000000000000000006752
67546758675567561294258673
67506770677867756769676500
1373120000000000@@@@@@@@@@
64600013033935618034213114
39924120044334115027413200
00000000004924716020913200
00000000004821311025013200
00000000000000000000000000
00000000000000000000000000
00000000000000000000000000
00000000000000000000000000
~~~~
11.34
7.066
4.33
0.20
1.184
0.729
0.358
11.79
18.26
6.82
