1373411118720480@@@@@@@@@@
53061201121491461410000002
00000013012712111711010200
11111010610009508900000000
00000006706210608868726871
98999997989897994238106854
00000000000000000000000000
00000000000000000000006867
68686866689068911294256879
68656882688468756880687700
1373420000000000@@@@@@@@@@
10100325050142511028113208
10100325054541509010541100
00000000003928116115013200
00000000000000000004913100
00000000000000000007613200
00000000000000000000124100
00000000000000000000000000
00000000000000000000000000
~~~~
5.214
5.98
5.56
0.250
1.382
1.038
0.04
6.82
7.368
4.72
