1372411143410950@@@@@@@@@@
41051851691411401391371332
00000021519018016715714800
16616115515014814300000000
00000008409500805966076609
98999598995448523840096590
00000000000000000000000000
00000000000000000000006600
66016606660266031292457168
65996608661466106612660400
1372420000000000@@@@@@@@@@
79991020063983818057613204
89987525064510905014213214
00000000004913011010000000
00000000000000000000000000
00000000000000000000000000
00000000000000000000000000
00000000000000000000000000
00000000000000000000000000
~~~~
5.433
6.00
6.95
0.19
1.46
7.68
0.033
12.35
19.11
7.28
