1372210921110000@@@@@@@@@@
41051941571691710000000001
0000001A71AH1831701H112821
17116515314013010600000011
00000010207432432665516562
98997976979998999998106534
00000000000000000000000000
00000000000000000000006547
65486545654965501292456378
65466553655565616557655600
1372220000000000@@@@@@@@@@
52800115044024218025113208311
43000054054862512018113214616
00000000004712913017613200000
00000000003112214010000000000
00000000000000000000000000000
00000000000000000000000000000
00000000000000000000000000000
00000000000000000000000000000
~~~~
9.17
8.066
42.69
5.156
1.190
0.13
0.028
11.88
53.33
6.149
