1373611420420710@@@@@@@@@@
52061550001701641470000000
00000000000000000000000000
00000000000000000000000000
00000006906504905000000000
99999999999999989999096931
00000000000000000000000000
00000000000000000000006941
69426947694669451294256798
69406956695469596952694900
1373620000000000@@@@@@@@@@
00000000004970906017413217577
00000000004531005017613200000
00000000000000000000000000000
00000000000000000000000000000
00000000000000000000000000000
00000000000000000000000000000
00000000000000000000000000000
00000000000000000000000000000
~~~~
11.11
7.625
5.99
0.197
4.42
0.606
0.04
11.40
19.68
N/A
