1373511251620280@@@@@@@@@@
41061791601411910000000001
00000023422020419217816422
15815415014213112100000011
00000013509134701869096911
99989998989999984245106894
00000000000000000000000000
00000000000000000000006905
69066910690769081294256879
69046917692069216913691200
1373520000000000@@@@@@@@@@
42800015063965523046513208331
56441020064531207015913214517
00000000004710211015013200000
00000000000000000008113200000
00000000000000000000541100000
00000000000000000000000000000
00000000000000000000000000000
00000000000000000000000000000
~~~~
9.08
5.99
22.83
0.692
4.77
0.721
0.146
8.89
15.12
6.561
