1372611335960120@@@@@@@@@@
44050001731631621590000002
00000000000000000000000012
16316015514914413800000000
00000023424806416366786677
31533422303036363735086656
07010101020201020102020000
00000000000000010690546665
66666676666766681292453687
66646679668566826675667400
1372620000000000@@@@@@@@@@
36216155054041810025913214527
55400224054843215016913200000
00000000004322511010000000000
00000000000000000000000000000
00000000000000000000000000000
00000000000000000000000000000
00000000000000000000000000000
00000000000000000000000000000
~~~~
3.314
7.583
6.667
0.631
5.31
1.271
0.295
11.18
85.88
6.525
