1372110838110000@@@@@@@@@@
41050001211381411230000002
00000000000000000000000000
12011811611210910500000000
00000012511816911565136525
05050710070506101108096502
00000000000000000000000000
00000000000000000000006514
65156512651665171292456378
65716523653265266522651900
1372120000000000@@@@@@@@@@
20800322044741010028113211334
30400555054820904015013200000
00000000003928621017613200000
00000000004014516018013200000
00000000004912912010000000000
00000000000000000000000000000
00000000000000000000000000000
00000000000000000000000000000
~~~~
11.05
5.93
5.56
0.22
1.88
3.83
0.05
10.78
6.250
6.241
