1373311038820820@@@@@@@@@@
42061311231341371351340002
00000014013812912512011200
12212011711410910600000000
00000008001827203268296830
97969898979270626897106813
00000000000000000000000000
00000000000000000000006825
68266831682768281294256879
68246844684668386841684000
1373320000000000@@@@@@@@@@
20100322044553212230641208
30300325050151005126924114
00000000000000000004424100
00000000000000000000000000
00000000000000000000000000
00000000000000000000000000
00000000000000000000000000
00000000000000000000000000
~~~~
8.250
9.01
9.44
0.148
1.89
0.750
0.04
10.96
48.69
5.250
