1372511300941000@@@@@@@@@@
51050001711751711600000000
00000000000000000000000000
00000000000000000000000000
00000043242842927900000000
92908995949494929393096629
00000000000000000000000000
00000000000000000000006639
66H00000000000001292453178
66386646665366476645664400
1372520000000000@@@@@@@@@@
00000000004792708038113214
00000000004512009023713200
00000000000000000000000000
00000000000000000000000000
00000000000000000000000000
00000000000000000000000000
00000000000000000000000000
00000000000000000000000000
~~~~
1.48
5.98
7.368
0.538
2.829
1.429
0.048
11.69
14.04
N/A
