1412111050110000@@@@@@@@@@
51102422341821831811801781
17617625117113111410810721
13211310410109909300000021
00000010214600000001270130
70999999994881999999110113
00000000000000000000000000
00000000000000000000000124
01260147013101325712884159
01330144013801450134000000
1412120000000000@@@@@@@@@@
22016244014371008037400204444
00000000004712410994700200000
00000000000622512058100200000
00000000000000000004200200000
00000000000000000005700200000
00000000000000000003900200000
00000000000000000001900200000
00000000000000000007500200000
~~~~
N/A
5.182
5.875
20.43
0.607
1.351
1.500
N/A
10.77
17.54
7.45
