1412311455940000@@@@@@@@@@
42100002562172202172122201
20618800000000000000000021
21218416415316714800000021
00000017735301222400000213
42333762373A42424643100197
00000000000000000000000000
00000000000000000000000215
02160208021702185712884159
02140220021902090212000000
1412320000000000@@@@@@@@@@
27011116034840202034700204434
00000000003961009020641100000
00000000000000000001900200000
00000000000000000007500200000
00000000000000000007400200000
00000000000000000000000000000
00000000000000000000000000000
00000000000000000000000000000
~~~~
N/A
7.000
5.833
27.38
0.694
0.10
1.029
N/A
11.98
12.09
6.083
