1411111600000180@@@@@@@@@@
41102612552012062142172192
21921921220520219719518610
17817618118017617100000000
00000017808406605100590062
99252469171517183526110048
00000000000000000000000000
00000000000000000000000077
00800060008500845712984158
00610068006500710064000000
1411120000000000@@@@@@@@@@
01500016013924012064855100000
00000000004742512048100200000
00000000004341006047400200000
00000000000000000006255100000
00000000000000000004200200000
00000000000000000000000000000
00000000000000000000000000000
00000000000000000000000000000
~~~~
2.256
7.250
8.85
0.22
2.364
7.55
N/A
11.94
16.76
6.607
