1422411400910000@@@@@@@@@@
41000000000000000000000001
00000000000000000000000043
00000000000000000000000032
00000000000000000003500354
00000000000000000000090339
00010101010101010101010000
00000000000000000000000366
03680352036903679700850640
03700362035703640349000000
1422320000000000@@@@@@@@@@
22200125004385030036500200
00000000003114317094213200
00000000000000000008000200
00000000000000000002624100
00000000000000000005000200
00000000000000000000000000
00000000000000000000000000
00000000000000000000000000
~~~~
6.600
7.602
121.0
3.529
4.37
0.12
N/A
45.00
52.38
6.235
