1422110915000000@@@@@@@@@@
43501301281601601511610002
00000000000000000000000010
00000000000000000000000000
00000012027001602302340235
01080709050823444714090218
00050000000004000000000300
00000001000000006006000236
02390244024002419712893640
02430232023002480228000000
1422120000000000@@@@@@@@@@
2010032500436161902570020000U
39921025004522720035000200000
24531155003112522074713100000
00000000003914523046500200000
00000000000000000004200200000
00000000000000000007400200000
00000000000000000004824100000
00000000000000000006000200000
~~~~
N/A
4.500
6.000
29.21
0.553
1.320
0.616
N/A
11.06
17.65
6.113
