1423511244280130@@@@@@@@@@
54101710001911911911821801
18017820217317415013612421
00000000000000000000000021
00000051151428815901450144
00000000000000000000100125
05050608090900000000000000
00000000000000000000000137
01380043013901401112915417
01360147014901410148000000
1423520000000000@@@@@@@@@@
00000000000000000000500204
00000000000000000005100200
00000000000000000006900200
00000000000000000005000200
00000000000000000005700200
00000000000000000000000000
00000000000000000000000000
00000000000000000000000000
~~~~
2.310
5.98
4.56
0.20
4.11
1.348
N/A
10.98
14.77
5.647
