1422311227610000@@@@@@@@@@
44000000000000000000000001
00000000000000000000000021
00000000000000000000000011
00000000000000000003210318
00000000000000000000090303
00010000000000000000000100
00000000000000000050150322
03230315032403259712853640
03300319031603310312000000
1422320000000000@@@@@@@@@@
22200125004385030036500200
00000000003114317094213200
00000000000000000008000200
00000000000000000002624100
00000000000000000005000200
00000000000000000000000000
00000000000000000000000000
00000000000000000000000000
~~~~
11.07
5.577
27.17
0.25
1.158
3.95
N/A
12.07
17.67
6.234
