1423411122390000@@@@@@@@@@
41100002111811831821841821
18218200000000000000000021
17717517016616216000000011
00000022421903311900000112
00000000000000000000090097
05020505081200000000000000
00000000000000000000000107
01080111010901101112915417
01060116011801140117000000
1423420000000000@@@@@@@@@@
29931225113993112034700200000
00000000004911805005000200000
00000000003710101015100200000
00000000000000000008100200000
00000000000000000003700200000
00000000000000000000000000000
00000000000000000000000000000
00000000000000000000000000000
~~~~
5.125
5.95
10.00
0.25
2.286
2.462
N/A
7.23
20.00
6.522
