1423210920390000@@@@@@@@@@
41100001701801801821821811
18118200000000000000000021
16316215214914414200000021
00000012308902805800000049
00000000000000000000110034
05010101010200000000000000
00000000000000000000000046
00470048005000511112915417
00450055005700520056000000
1423220000000000@@@@@@@@@@
33510014103750102013900200000
00000000003914010065000200000
00000000004841512076900200000
00000000000000000000000000000
00000000000000000000000000000
00000000000000000000000000000
00000000000000000000000000000
00000000000000000000000000000
~~~~
N/A
3.439
5.98
25.78
1.526
5.19
7.92
N/A
9.60
19.45
6.098
