1422211025000000@@@@@@@@@@
41502202182111781870000001
00000020920418416014212343
15014913412611811500000032
00000011967000000002680269
99999999993526252734090258
03020202020302020202020000
00000000000000000000000273
02810270028302849712853640
02720278027402900267000000
1422220000000000@@@@@@@@@@
19900020004352418046500200000
23000125004032820034800200000
22200525000911817C08000200000
00000000003914021004200200000
00000000000000000000000000000
00000000000000000000000000000
00000000000000000000000000000
00000000000000000000000000000
~~~~
N/A
6.400
5.875
10.00
0.22
1.085
1.245
N/A
11.90
20.00
6.677
