1423110845390000@@@@@@@@@@
41100001611731731751751752
17517500000000000000000000
15714814614313913500000000
00000009709409472900000019
00000000000000000000110003
05010102020500000000000000
00000000000000000000000017
*0180016002000211112915417
00150024002600220025000000
1423120000000000@@@@@@@@@@
00000000003932509015700200
00000000004731010036900200
00000000004830503025000200
00000000004011810020000000
00000000000000000000000000
00000000000000000000000000
00000000000000000000000000
00000000000000000000000000
~~~~
2.236
7.250
22.96
0.21
1.154
2.120
N/A
35.00
20.00
6.160
