1423711417170000@@@@@@@@@@
41102632492052052031991992
19920031028027024724623400
24320719518117617200000000
00000040741723008702000199
00000000000000000000090185
05020305081100000000000000
00000000000000000000000195
01960201019701981112915417
01940206020802020000000000
1423720000000000@@@@@@@@@@
19900055053790101013900200000
00000000004511404006900200000
00000000000000000005000200000
00000000000000000008100200000
00000000000000000006500200000
00000000000000000000000000000
00000000000000000000000000000
00000000000000000000000000000
~~~~
11.03
N/A
N/A
N/A
5.44
1.036
N/A
N/A
N/A
7.26
