1421111605000000@@@@@@@@@@
41502802682202202221850001
00000000000000000000000043
00000000000000000000000042
00000004414202301601670168
99999999999999999999090154
00040405050504040404040000
00000000000000000000000166
01750169017601779712841650
01650178017401840164000000
1421120000000000@@@@@@@@@@
27000522124592618076000208334
23500340124312418045700200000
30100322130000000005000200000
00000000000000000005100200000
00000000000000000008100200000
00000000000000000000621100000
00000000000000000004900200000
00000000000000000000000000000
~~~~
N/A
2.179
6.674
29.04
5.731
1.261
1.351
N/A
11.36
12.54
6.76
