1432210950000110@@@@@@@@@@
41161651501801791811811801
17316511309509108507806332
14312511609809909500000020
00000037049001701967876780
12131609101117081008116755
01000000000000000000000000
00000000000000000000006770
67716789676867694171592185
67666796679767906772000000
1432220000000000@@@@@@@@@@
29900122025043516996500208031
00000000004964012044600200000
00000000000000000005000200000
00000000000000000008100200000
00000000000000000004700200000
00000000000000000000000000000
00000000000000000000000000000
00000000000000000000000000000
~~~~
4.060
5.83
28.08
1.909
2.800
2.339
N/A
N/A
0.889
6.77
