1432311106410330@@@@@@@@@@
41162512451961981951951932
19219224624022020219018200
17816716316215615200000000
00000004302100802968416842
99999999996899999999106821
01000200000000000000000000
00000000000000000000006841
68346843684068334171592185
68386849685168526844000000
1432320000000000@@@@@@@@@@
10200362024513007994700200000
00000000000000000006924100000
00000000000000000007113100000
00000000000000000000000000000
00000000000000000000000000000
00000000000000000000000000000
00000000000000000000000000000
00000000000000000000000000000
~~~~
N/A
11.15
5.929
27.14
0.539
1.89
1.020
N/A
11.80
17.97
6.552
