1433611440810110@@@@@@@@@@
41160001641961941961961962
19619600000000000000000010
18919419719819819800000000
00000012516903102971607167
26272932333735303628117140
01000000010000000000000000
00000000000000000000007153
71557157715271544171592185
71567171716971607162000000
1433620000000000@@@@@@@@@@
00500515000561711024713101
20100322023123514126900200
00000000004821510026500200
00000000000000000000000000
00000000000000000000000000
00000000000000000000000000
00000000000000000000000000
00000000000000000000000000
~~~~
4.305
6.00
27.31
0.696
1.68
7.69
N/A
10.46
12.59
6.554
