1433311007950000@@@@@@@@@@
41160001711721731721721722
17217100000000000000000010
16514812711210410200000000
00000019620101402870097010
53695863624841364730116986
01000000000000000000000000
00000000000000000000006998
70027011699970004171532185
69977030702570217012000000
1433320000000000@@@@@@@@@@
00000000004082028012955100
00000000003923027157100200
00000000000000000000524100
00000000000000000006000200
00000000000000000006224100
00000000000000000000000000
00000000000000000000000000
00000000000000000000000000
~~~~
5.026
5.81
10.00
3.400
1.278
2.633
N/A
10.00
17.20
6.211
