1432110900000000@@@@@@@@@@
41161491521591621621621621
00000016015815014212812232
08207206906706105100000020
00000001501320933167366737
13131417131517209999116702
01000001000000000000000000
00000000000000000000006718
67226735672567244171592185
67296738674267336731000000
1432120000000000@@@@@@@@@@
29926314284332012036513100
02000114004832513076000200
00000000003925014990000000
00000000004924013990000000
00000000000000000000000000
00000000000000000000000000
00000000000000000000000000
00000000000000000000000000
~~~~
1.364
5.731
26.78
0.739
1.059
3.68
N/A
11.33
14.55
6.219
