1432411210710120@@@@@@@@@@
41162702612011991991991992
19919927726925424523622800
26825625024323923400000000
00000008607712113105640566
99999999999999999999110548
01000102000000000000000000
00000000000000000000000577
05790565057305784171592185
05670588058905840576000000
1432420000000000@@@@@@@@@@
20100365043955018070424108
00000000004851510058100200
00000000000000000004700200
00000000000000000006900200
00000000000000000007113300
00000000000000000003900200
00000000000000000000000000
00000000000000000000000000
~~~~
11.01
5.813
9.302
0.25
4.60
3.54
N/A
11.91
5.957
7.27
