1432511352930000@@@@@@@@@@
41160001512222152212202201
21318700000000000000000032
14914013712110209600000020
00000007506502102200000620
23272527242625202117120601
01000000000000000000000000
00000000000000000000000614
06180619061306174171592185
06160642064606160647000000
1432520000000000@@@@@@@@@@
00000000004925015086900200
00000000004871513018100200
00000000003112011990000000
00000000000000000000000000
00000000000000000000000000
00000000000000000000000000
00000000000000000000000000
00000000000000000000000000
~~~~
11.01
5.88
25.78
0.613
2.392
3.57
N/A
10.13
20.00
7.29
