1433210905951000@@@@@@@@@@
41160001671751761791811812
18118200000000000000000011
16015815314914714500000000
00000016415600800569596961
43343538393633353947106942
01000000000000000000000000
00000000000000000000006953
69556956695269544171592185
69586964696669626957000000
1433220000000000@@@@@@@@@@
00100326013994523026500204
00000000000000000001900201
00000000000000000006900222
00000000000000000007155300
00000000000000000004700200
00000000000000000008100200
00000000000000000005000200
00000000000000000000000000
~~~~
4.100
6.625
26.21
0.25
1.33
1.235
N/A
12.27
19.24
6.036
