1433511347711170@@@@@@@@@@
41160002142011982001981981
19819700000000000000000022
17517116816415814200000011
00000004408201001571047108
30292634222726191717000000
01000000010000000000000000
00000000000000000000007137
71307103713171294171592185
71027128712771257114000000
1433520000000000@@@@@@@@@@
19047325033132517036500200000
29916116034871509014700200000
00000000000000000000000000000
00000000000000000000000000000
00000000000000000000000000000
00000000000000000000000000000
00000000000000000000000000000
00000000000000000000000000000
~~~~
N/A
4.071
5.86
27.77
0.700
1.137
1.211
N/A
10.85
19.31
7.30
