1431111615000170@@@@@@@@@@
41162902662271552162011521
14813420919518217016012532
18218017215414112600000020
00000014703508507266906685
20112334132213121215126646
01000000000000000000000000
00000000000000000360006669
66726659666766684171592185
66636674668666646662000000
1431120000000000@@@@@@@@@@
18000126164822017005700200000
00000000003923020005000200000
00000000004341518076000200000
00000000003122017000000000000
00000000000000000000000000000
00000000000000000000000000000
00000000000000000000000000000
00000000000000000000000000000
~~~~
9.07
5.93
10.00
0.154
1.078
0.712
N/A
11.39
11.52
6.222
