1442211315670000@@@@@@@@@@
43803092841391481360000002
00000032728326124522117510
27623120719117216100000000
00000010207521016501140115
99991010101010999896080104
05040506060603070808091924
24252100000000002202200120
01190113011601171785749122
01120124012701210123000000
1442220000000000@@@@@@@@@@
05014516183111909993903201
00000000000322114038103204
00000000004313323996503222
00000000004741420036003208
00000000000000000005903200
00000000000000000004203200
00000000000000000000000000
00000000000000000000000000
~~~~
11.04
5.97
9.65
0.606
1.500
2.065
N/A
11.17
17.35
7.28
