1442111032210480@@@@@@@@@@
42802432391901411910000001
00000022919015113212211921
22516515013712812200000011
00000001802142021800970098
18141541799645241918090082
05010202030301010101020000
00000000000000000000000093
00940096009100921785749122
00950102010300990101000000
1442120000000000@@@@@@@@@@
04700112204354718126503214
00000000004821715086003200
00000000003212320997403200
00000000000520202015903200
00000000000000000007503200
00000000000000000008103200
00000000000000000000000000
00000000000000000000000000
~~~~
8.111
5.98
24.66
0.710
1.93
0.13
N/A
11.70
18.28
6.105
