1441111607000000@@@@@@@@@@
44802692442112102120000001
00000026225625124523722443
23222522021120319000000042
00000000000013614500590060
24373369989790504640100043
03010304050501010304040101
02030201020203020250380053
00540058005500561785649122
00570062006600630061000000
1441120000000000@@@@@@@@@@
19900364194840907031603200000
00000000004340708026503200000
00000000004731313068103200000
00000000004520822035003200000
00000000000000000000000000000
00000000000000000000000000000
00000000000000000000000000000
00000000000000000000000000000
~~~~
N/A
5.250
5.97
25.43
0.625
0.628
3.73
N/A
10.84
8.148
7.28
