1443311200290000@@@@@@@@@@
41802502100000001841670002
00000026621521822919518800
225221208192178170000000$0
00000006507902003102700271
97955043969694979798090259
05010203040503040505080000
00000000000000000000000274
02750269027202731785749122
02680279028002760278500000
1443320000000000@@@@@@@@@@
05800064204842619014703200000
02000025191910103010524200000
00000000003913828176503200000
00000000000000000001524100000
00000000000000000008103200000
00000000000000000006003200000
00000000000000000005003200000
00000000000000000000000000000
~~~~
3.462
5.99
6.90
0.22
2.545
1.500
N/A
12.01
18.10
7.32
