1442411450690000@@@@@@@@@@
41800002532052042020000001
00000000000000000000000032
21619415915714913400000020
00000019419901901801690170
61547781665253657050080155
05010203040502030404050000
00000000000000000000000166
01670168016401651785742122
01630175017601710174000000
1442420000000000@@@@@@@@@@
00000000004742214065903204
00000000004931206028103200
00000000004811912013903200
00000000004012310990000000
00000000004311509010000000
00000000000911112990000000
00000000000000000000000000
00000000000000000000000000
~~~~
5.206
6.650
22.50
0.167
1.68
3.86
N/A
11.58
0.816
4.73
