1443110855490000@@@@@@@@@@
41800001771751871690000001
00000000000000000000000043
17416516415915515400000032
00000006407400200202010202
18283425324052546257090190
05010102020202020303040000
00000000000000000000000205
02060200020302041785742121
01990215021602070214000000
1443120000000000@@@@@@@@@@
09900365123113617177503200000
00000000001940101015003200000
00000000000921510045703200000
00000000000000000003903200000
00000000000000000008103200000
00000000000000000006003200000
00000000000000000006503200000
00000000000000000006613100000
~~~~
N/A
4.262
6.576
24.94
7.82
2.176
4.12
N/A
8.333
19.56
5.733
