1443411340160170@@@@@@@@@@
41800002202071982032000000
00000000000000000000000000
00000000000000000000000000
00000006906600300200000000
52454959763978777242000000
05030404040504040505050000
00000000000000000000000000
00000000000000001005042121
00000283028400000282000000
1443420000000000@@@@@@@@@@
00000000000000000000000000
00000000000000000000000000
00000000000000000000000000
00000000000000000000000000
00000000000000000000000000
00000000000000000000000000
00000000000000000000000000
00000000000000000000000000
~~~~
6.200
5.99
23.65
0.554
2.765
7.79
N/A
11.55
17.70
6.737
