1443210955490000@@@@@@@@@@
44800001811091060000000001
00000000000000000000000054
13808508107806906400000053
00000005306802002102350236
29251721211821242822090222
01010201010101010101010000
01020100010302000060080239
02410234023702381785742121
02310245024602320242000000
1443220000000000@@@@@@@@@@
00000000004830708055703200000
00000000003222719056503200000
00000000004932122017603200000
00000000001512218197503200000
00000000000912216018103200000
00000000000000000004703200000
00000000000000000000000000000
00000000000000000000000000000
~~~~
4.393
5.98
26.31
0.634
3.083
3.72
N/A
N/A
19.81
7.29
