1443511515680810@@@@@@@@@@
41800002091831841801761742
00000000000000000000000033
23423222119916815500000030
00000034736903102003030304
61668386718892796945080289
05010204040501020202030000
00000000000000000000000300
03010302029802991785742121
02970308030903050307000000
1443520000000000@@@@@@@@@@
00000000004821312017155100
00000000004633213044723100
00000000001940202015703200
00000000000000000006003200
00000000000000000008103200
00000000000000000005903200
00000000000000000000000000
00000000000000000000000000
~~~~
6.941
5.786
25.21
0.094
3.913
4.17
N/A
10.18
19.10
7.26
