1442311415690000@@@@@@@@@@
41802572521931861870000002
00000000000000000000000000
16614111611311210900000000
00000032235303100701450146
49979197749990558377080129
05010203030301010203030000
00000000000000000000000140
01410144013801391785749122
01370148015301420147000000
1442320000000000@@@@@@@@@@
09600145194741414045703200000
00000000004941504025903200000
00000000004821615030424100000
00000000000000000000000000000
00000000000000000000000000000
00000000000000000000000000000
00000000000000000000000000000
00000000000000000000000000000
~~~~
6.467
5.95
22.46
0.699
3.180
4.08
N/A
12.30
16.47
6.537
