1452110940000000@@@@@@@@@@
41000000000000000000000001
00000000000000000000000021
00000000000000000000000012
00000000000000000003420343
00000000000000000000100325
02020203040500000000000000
00000000000000000000000336
03390341034603582352781514
03350352035403590350000000
1452120000000000@@@@@@@@@@
23700112004883417054824100
00000000004015634200141100
00000000004916733100000000
00000000000000000000000000
00000000000000000000000000
00000000000000000000000000
00000000000000000000000000
00000000000000000000000000
~~~~
9.04
5.96
4.77
0.531
0.295
1.151
N/A
11.39
16.62
6.202
