1453111047610000@@@@@@@@@@
43122232111811831801820001
00000023520216014713212232
17516514413012611800000020
00000007608200700805710582
09090909090909090909090561
02010101010100000000000201
00000000000000000280250573
05740579057505762153280514
05770587058605800585000000
1453120000000000@@@@@@@@@@
26000011164393616045900200
00000000000000000008000200
00000000000000000008100200
00000000000000000005700200
00000000000000000007500200
00000000000000000006500200
00000000000000000000000000
00000000000000000000000000
~~~~
N/A
5.571
24.06
0.641
2.111
0.646
N/A
11.94
42.22
6.506
