1452511450910000@@@@@@@@@@
41000000000000000000000002
00000000000000000000000032
00000000000000000000000020
00000000000000000004810483
00000000000000000000110454
02020202030300000000000000
00000000000000000000000465
04660467046804702353721514
04710479047804720477000000
1452520000000000@@@@@@@@@@
00000000004952310050000000
00000000003920504050000000
00000000004630403040000000
00000000000000000000000000
00000000000000000000000000
00000000000000000000000000
00000000000000000000000000
00000000000000000000000000
00000000000000000000000000
~~~~
9.03
5.95
26.23
0.583
0.673
0.583
N/A
11.35
13.58
6.057
