1453411325210000@@@@@@@@@@
41122452151841912011941910
18317224816014913812511843
17813812011210910100000032
00000013813001701606620658
01010101010101010101100648
02030304040400000000000000
00000000000000000000000663
06650660066606672152850514
06610673067506690674000000
1453420000000000@@@@@@@@@@
28800343184393413023900204454
00000000000910706100000000000
00000000000000000000000000000
00000000000000000000000000000
00000000000000000000000000000
00000000000000000000000000000
00000000000000000000000000000
00000000000000000000000000000
~~~~
N/A
6.717
9.36
0.590
4.90
1.129
N/A
12.03
17.67
5.746
