1452311145710000@@@@@@@@@@
41000000000000000000000002
00000000000000000000000021
00000000000000000000000000
00000000000000000004200422
00000000000000000000120395
02030609101000000000000000
00000000000000000000000411
04120419041304152752851534
04100417042104080418000000
1452220000000000@@@@@@@@@@
29900116004013513054203400000
00000000004330908024113200000
00000000004651312034924100000
00000000000000000000000000000
00000000000000000000000000000
00000000000000000000000000000
00000000000000000000000000000
00000000000000000000000000000
~~~~
6.667
5.88
26.66
0.695
3.831
0.722
N/A
11.85
8.235
7.27
