1452611512910000@@@@@@@@@@
41000000000000000000000002
00000000000000000000000043
00000000000000000000000032
00000000000000000005260000
00000000000000000000090499
02010101020200000000000000
00000000000000000000000522
05230521051605202752781574
05110514051505080513000000
1452620000000000@@@@@@@@@@
00000000002841107190541100000
00000000004712115200000000000
00000000004553518070000000000
00000000000000000000000000000
00000000000000000000000000000
00000000000000000000000000000
00000000000000000000000000000
00000000000000000000000000000
00000000000000000000000000000
~~~~
N/A
2.333
5.94
24.89
0.682
2.909
1.300
N/A
11.58
16.26
6.688
