1453211202910000@@@@@@@@@@
41122172171891921951911871
18418000000000000000000032
21719014311911310900000020
00000014515201401506350636
06070609080605060705090595
02020303030300000000000000
00000000000000000000000604
06080611060506082152850514
06120616061906170620000000
1453220000000000@@@@@@@@@@
00000000004892814058100200
00000000000000000000000000
00000000000000000000000000
00000000000000000000000000
00000000000000000000000000
00000000000000000000000000
00000000000000000000000000
00000000000000000000000000
~~~~
N/A
7.633
27.89
0.716
1.170
2.120
N/A
11.75
82.85
7.29
