1452411425810000@@@@@@@@@@
41000000000000000000000002
00000000000000000000000021
00000000000000000000000000
00000000000000000004360435
00000000000000000000110424
02020203030300000000000000
00000000000000000000000437
04380443044004422352781514
04390447044804450444000000
1452420000000000@@@@@@@@@@
15600014004932508024700200
00000000004852107033900200
00000000004525235100000000
00000000000000000000000000
00000000000000000000000000
00000000000000000000000000
00000000000000000000000000
00000000000000000000000000
00000000000000000000000000
~~~~
2.500
5.91
26.32
0.680
2.986
1.250
N/A
11.56
1.176
6.609
