1451111551000000@@@@@@@@@@
54000000000000000000000001
00000000000000000000000021
00000000000000000000000011
00000000000000000003100304
00000000000000000000090290
02010303040500000000000000
00000000000000001131110303
00000305030603072352631514
02990314031303080311000000
1451120000000000@@@@@@@@@@
00000000000000000007604208334
00000000000000000000000014077
00000000000000000000000000000
00000000000000000000000000000
00000000000000000000000000000
00000000000000000000000000000
00000000000000000000000000000
00000000000000000000000000000
~~~~
9.22
5.99
27.77
0.689
2.600
1.185
N/A
11.22
5.424
6.199
