1461111610000000@@@@@@@@@@
42102481561281322022001901
191200191188125$3213513733
12112212312111109300000020
00000001500006600024672468
99936676995386999699102457
05020204040400000000000000
00000000000000000000002469
24702472247324741129154370
24712478248024762479000000
1461120000000000@@@@@@@@@@
19900254109870004014900200000
00000000003132410047700200000
00000000000000000000000000000
00000000000000000000000000000
00000000000000000000000000000
00000000000000000000000000000
00000000000000000000000000000
00000000000000000000000000000
~~~~
5.333
5.983
5.17
0.19
5.44
3.179
N/A
12.17
7.059
7.28
