1462211052000000@@@@@@@@@@
42102501501901741731731732
17317335429028818015213511
17317417417216616200000000
00000003406900000025502551
99999999999999999999092535
05010203050500000000000000
00000000000000000000002546
25472545254025491129154170
25442554255725522556000000
1462220000000000@@@@@@@@@@
19900014074851112015700200
00000000003750102016900200
00000000004013536008100200
00000000000000000005000200
00000000000000000004000200
00000000000000000004700200
0*000000000000000000900200
00000000000000000000000000
~~~~
3.014
6.675
26.27
0.661
1.273
2.088
N/A
8.088
6.897
7.27
