1462711438190000@@@@@@@@@@
54102552501831851871831822
18218123022622320418817433
16917116015815614300000030
00000000000000000027072708
00000000000000000000092689
05010204050500000000000000
00000000000000001501482700
27012698270327041129154170
26992709271027052711000000
1462720000000000@@@@@@@@@@
00000000004682407025000000000
00000000003720203016900000000
00000000000000000000000000000
00000000000000000000000000000
00000000000000000000000000000
00000000000000000000000000000
00000000000000000000000000000
00000000000000000000000000000
~~~~
N/A
N/A
6.583
5.13
0.20
2.963
1.172
N/A
12.27
1.778
N/A
