1462511259160000@@@@@@@@@@
41102492532152152152122132
21321322920618617116014511
18918517316216816500000000
00000000000000000026432642
00000000000000000000102628
05010202020400000000000000
00000000000000000000002639
26402644264426451129154170
26382652265026462649000000
1462520000000000@@@@@@@@@@
32011214094890202015700200
00000000004314609026900200
00000000000000000007600200
00000000000000000006500200
00000000000000000005000200
00000000000000000000000000
00000000000000000000000000
00000000000000000000000000
~~~~
4.211
6.00
122.9
0.25
1.483
N/A
N/A
12.50
20.00
6.583
