1462811523190000@@@@@@@@@@
41102500002012052062072072
20818418121923824925325700
00000000000000000000000000
00000000000000000027360000
00000000000000000000092719
05010408101200000000000000
00000000000000000000002730
27312729273227331129154170
27282737274027342739000000
1462820000000000@@@@@@@@@@
20000054103790101014924100000
00000000000000000006624100000
00000000000000000000000000000
00000000000000000000000000000
00000000000000000000000000000
00000000000000000000000000000
00000000000000000000000000000
00000000000000000000000000000
~~~~
4.500
6.639
26.62
0.688
1.56
7.70
N/A
4.167
18.61
6.88
