1462110856000000@@@@@@@@@@
01101391371601651421651662
16816513413413313112712700
11310710710710710500000000
00000006807100000025102509
03050302030304030303112492
05010404050600000000000000
00000000000000000000002505
25062504250725081129154170
25032516252725142520000000
1462120000000000@@@@@@@@@@
05700066103910605005700200000
00000000004880606014900200000
00000000004712510006900200000
00000000000000000005000200000
00000000000000000003900200000
00000000000000000000000000000
00000000000000000000000000000
00000000000000000000000000000
~~~~
N/A
5.367
7.054
26.30
0.668
N/A
N/A
N/A
9.821
47.14
6.137
