1463110935960000@@@@@@@@@@
44501921870000000000000001
00000018617516515615014021
14414314013212311700000021
00000000000000000004100411
68999699948755999999090394
00000000000000000000000000
00000000000000000400600412
04200414041804199712843650
04150409040704160404000000
1463120000000000@@@@@@@@@@
23510122000511001025700208033
24500140004342024038000200000
00000000003125025255000200000
00000000003633528034700200000
00000000000000000006500200000
00000000000000000005900200000
00000000000000000004200200000
00000000000000000008100200000
~~~~
N/A
6.571
5.97
28.82
3.222
1.41
1.500
N/A
10.27
15.00
7.26
