1462411200170000@@@@@@@@@@
43102352351791751751751752
17517524022018816210510433
18016115915815112800000030
00000000000000000026142613
18239999999927992727092598
05010203050500000000000000
02020200000000001491512609
26102617261126121129154370
26082618262026152619000000
1462420000000000@@@@@@@@@@
29920050104891607025700200000
00000000000000000006900200000
00000000000000000004700200000
00000000000000000006500200000
00000000000000000006600200000
00000000000000000005000200000
00000000000000000000000000000
00000000000000000000000000000
~~~~
N/A
7.000
5.93
1.739
0.111
0.625
2.441
N/A
9.87
18.78
6.239
