1512111105920170@@@@@@@@@@
30121591551241270000000001
00000014111711911011011922
15714314414313312900000011
00004207406131729101760177
51392325293917202720110150
00000000000000000000000000
00000000000000000000000173
017501700171017246715192A*
01690182018001780183000000
1512120000000000@@@@@@@@@@
12218115674381008035713204
11800112670921814023711208
22000144170000000005024209
02816145510000000004213114
22500156190000000007424203
00000000000000000003913200
00000000000000000006024200
00000000000000000000124200
~~~~
1.48
8.29
22.72
4.000
0.739
0.553
N/A
79.71
286.0
5.583
