1513411350260150@@@@@@@@@@
12112382131581590000000001
00000022121818519317717132
23823123321619818600000020
00004100000001300604070408
25404624261635290266090389
00000000000000000000000000
00000000000000000000000403
04040399040004014671518592
03980415041204050421000000
1513420000000000@@@@@@@@@@
13300142013905926001024208031
00000000000193200030124200000
00000000004610020010704200000
00000000000000000000724200000
00000000000000000000000000000
00000000000000000000000000000
00000000000000000000000000000
00000000000000000000000000000
~~~~
6.828
9.05
120.8
17.69
1.463
0.672
N/A
183.0
254.8
N/A
