1512211233920000@@@@@@@@@@
30111551511351350000000002
00000015915115115114513700
15715515315815515100000000
00004103104330027202020203
64595584646850635543080188
00000000000000000000000000
00000000000000000000000200
02010197019801994671518592
01960212020702040206000000
1512220000000000@@@@@@@@@@
21500012044331307026513208031
00000000004630806011805200000
00000000003141914005013200000
00000000000000000008113200000
00000000000000000003903200000
00000000000000000000000000000
00000000000000000000000000000
00000000000000000000000000000
~~~~
N/A
7.000
7.656
6.087
0.528
2.222
0.669
N/A
176.5
229.0
4.72
