1513111000970110@@@@@@@@@@
30121201221441401301301311
13113112612412211911812132
16416116215515214600000020
00004404202347540703220321
07070503030705030303080299
0501020101000202020202180E
11191613141717170400400312
03130308030903104671518692
03070323031903170324000000
1513120000000000@@@@@@@@@@
27000141070160910025703204
13200154043240508013703205
00800322020000000003903208
23916156030000000008103201
13716554020000000002055100
00000000000000000004024200
00000000000000000007424200
00000000000000000006024200
~~~~
3.227
8.28
123.3
2.000
0.750
0.017
N/A
601.1
252.0
N/A
