1512311426020000@@@@@@@@@@
30101501501401440000000001
00000019618118716315913732
17919315615414814500000020
00004101101764461202300231
24122027302830272829100214
00000000000000000000000000
00000000000000000000008228
02290225022602274671518592
02240240023802340241000000
1512320000000000@@@@@@@@@@
25600112003902313007414214
22300111000000000004724200
03900056000000000007600000
164003160U0000000000000000
13800512000000000000000000
00000000000000000000000000
00000000000000000000000000
00000000000000000000000000
~~~~
2.356
9.26
124.2
7.60
1.042
0.750
N/A
541.2
260.0
5.621
