1512511555920000@@@@@@@@@@
30122092391461360000000002
00000021419116912013914610
21721117415914511800000000
00004108010801506402700269
26281414140906060912100248
00000000000000000000000000
00000000000000000000000260
026302670258025946715185A2
02660274027202640268000000
1512520000000000@@@@@@@@@@
00000000004391411018104201434
00000000004612318033724200000
00000000000000000004624200000
00000000000000000007424200000
00000000000000000005724200000
00000000000000000001024200000
00000000000000000006513200000
00000000000000000000000000000
~~~~
N/A
N/A
9.15
123.8
7.58
2.667
0.518
N/A
181.1
288.0
5.597
