1510011440310220@@@@@@@@@@
22171551310000000000000002
00000013614012409910106144
13012912107807306400000013
00004400000000000001270128
00000000000000000000090113
05010200000000000000000200
00000000000000000000000122
01230125013201332845971681
01260131013001360138000000
1510020000000000@@@@@@@@@@
10600022642676588085700200000
00000000000213000150000000000
00000000003110600200000000000
00000000003210903090000000000
00000000000000000000000000000
00000000000000000000000000000
00000000000000000000000000000
00000000000000000000000000000
~~~~
N/A
3.429
N/A
122.7
2.000
2.188
1.161
N/A
101.9
211.2
N/A
