1511111550921000@@@@@@@@@@
12131551531441441331321322
13213217616616716115514600
15315415316014814700000000
00004115014033838001310100
16181514151219162727100115
00000000000000000000000000
0000000000000000000000010A
013001260127012840715180H0
01200140013601300142000000
1511120000000000@@@@@@@@@@
01100153003934019048113200000
21800010004850605055713200000
06000012004621414003924200000
19900011000000000000000000000
22300011000000000000000000000
00000000000000000000000000000
00000000000000000000000000000
00000000000000000000000000000
~~~~
N/A
8.33
124.6
N/A
1.68
0.722
N/A
189.4
261.7
N/A
