1522110910930000@@@@@@@@@@
11100000981031021041041042
10410400000000000000000011
09509008508007607500000000
00004305405199663803150316
04050504050000000000100289
02020305050505030405040308
01040100030303012120000303
03040308030503069876543200
03070302030103110299000000
1522120000000000@@@@@@@@@@
16500115044881710056013208834
00000000000612611996513200000
00000000003915715065013200000
00000000000000000004E24100000
00000000000000000004013200000
00000000000000000006913200000
00000000000000000005910200000
00000000000000000000010200000
~~~~
N/A
3.500
6.609
180.2
7.61
0.019
0.637
N/A
180.7
555.3
5.056
