1523811545250180@@@@@@@@@@
11102182201621611281221191
12000024724122420819218032
19016614212912611700000020
00005300400500000007540755
99999999998092472433090732
02010202030303030303040000
00000000000000000000000747
07480753074907509876543210
07510745074307560741000000
1523820000000000@@@@@@@@@@
14000313011990304016513200
00000000004711509026013200
00000000000000000000000000
00000000000000000000000000
00000000000000000000000000
00000000000000000000000000
00000000000000000000000000
00000000000000000000000000
~~~~
1.500
6.000
N/A
1.273
1.391
0.523
N/A
513.1
140.3
N/A
