1523411130930180@@@@@@@@@@
12100001491261271251221221
12412300000000000000000022
18414312812111210400000011
00004110710301402505960595
04040304030000000000100012
02010101010202030306060000
00000000000000000000000589
05900594059105929876543210
05930588058705970585000000
1523420000000000@@@@@@@@@@
29900114073955825086513208031
00000000004810705045713204445
00000000004521007061013201445
00000000004923212046013221031
00000000000000000004713200000
00000000000000000005013200000
00000000000000000007413200000
00000000000000000008113200000
~~~~
3.389
5.905
24.61
0.596
0.292
0.13
N/A
41.66
137.0
N/A
