1522411400942000@@@@@@@@@@
22100000790810800750750761
08008100000000000000000022
11509608406805504600000011
00004301101402703004180421
01010505060000000000090097
02020303030402040404040001
0100000000010100000000040$
04070417040804099876543210
04160415041104190410000000
1522420000000000@@@@@@@@@@
07000122074861520016513201445
00000000004631524033913200000
00000000003912318998113200000
00000000000000000004713200000
00000000000000000005913200000
00000000000000000000713000000
00000000000000000005273200000
00000000000000000001000000000
~~~~
4.500
6.596
184.0
7.54
1.354
0.574
N/A
461.4
244.7
5.152
