1523110850930170@@@@@@@@@@
11100001531471451461301282
12712400000000000000000011
13613313313112912600000000
00004108101501502204860485
03040403010000000000100461
02010202020202020*03030000
00000000000000000000000474
04750482047604809876543210
04810479047204830471000000
1523120000000000@@@@@@@@@@
00700022054661308048113201
00000000004821108023913208
00000000004012512036513200
00000000004012016105913200
00000000000000000004613200
00000000000000000000000000
00000000000000000000000000
00000000000000000000000000
~~~~
6.880
5.740
180.7
1.167
0.565
0.065
N/A
161.9
240.6
5.217
