1522211020930130@@@@@@@@@@
22100001010740760620660611
06106900000000000000000022
09808008107707407200000011
000041088026025026004P0040
040107040100000000001U0100
00000000000000000000000000
00000000000000000000000010
03390345034003429876543210
03440336033403490333000000
1522220000000000@@@@@@@@@@
27000315024880606036513222031
00000000004316919033713201445
00000000004614421995013200000
00000000000000000007613200000
0000000000000000000A113200000
00000000000000000000000000000
00000000000000000000000000000
00000000000000000000000000000
~~~~
N/A
6.231
6.540
182.7
7.55
0.047
0.034
N/A
84.19
140.0
4.73
