1523511305930170@@@@@@@@@@
61101701471391391391391391
13913900000000000000000032
19216514613412211300000020
00004254955305505706500653
99889999990000000000090628
02030406090909090807050000
00000000000000000320470644
06450649064606479873543210
06480641063806510637000000
1523520000000000@@@@@@@@@@
00000000004811307995013201445
00000000000000000001013200000
00000000000000000006513200000
00000000000000000006013200000
00000000000000000000000000000
00000000000000000000000000000
00000000000000000000000000000
00000000000000000000000000000
~~~~
6.125
6.552
9.40
7.53
0.744
0.375
N/A
98.13
147.6
N/A
