1523611400610000@@@@@@@@@@
12101791601651600000000002
00000000000000000000000033
15415614914413612500000030
00005104702306002306820681
06020302050000000000100685
02010101010201020202020201
01010000020000001651670675
06760680067706789876543210
06790674067006830670000000
1523620000000000@@@@@@@@@@
14300313024821311078113201
00000000003965826055013200
00000000004024227066513200
00000000000000000005913200
00000000000000000004713200
00000000000000000000000000
00000000000000000000000000
00000000000000000000000000
~~~~
9.20
6.538
107.3
7.63
N/A
N/A
N/A
178.0
255.3
N/A
