1522311210930180@@@@@@@@@@
30100001290000000000000001
00000000000000000000000021
11410809808808506600000011
00004400000000000003850384
08020303030000000000120359
01000000000101010000000000
01010101000000000070060377
03780388037903804816543210
03820376037303860771000000
1522320000000000@@@@@@@@@@
16000213024367923045713200
00000000000922419067613200
00000000004612821995013200
00000000003112524081013200
00000000000000000004813200
00000000000000000004713200
00000000000000000008113200
00000000000000000000000000
~~~~
5.500
N/A
N/A
N/A
0.12
0.12
N/A
N/A
N/A
5.235
