1523711510330110@@@@@@@@@@
00102252101361401330000000
00000000000000000000000000
00000000000000000000000000
00004120039108101300000000
00000000000000000000100702
02061708101011121312150000
00000000000000000000000717
07180000071907209876543210
07210716071407280713000000
1523720000000000@@@@@@@@@@
00000000000000000000000000000
00000000000000000000000000000
00000000000000000000000000000
00000000000000000000000000000
00000000000000000000000000000
00000000000000000000000000000
00000000000000000000000000000
00000000000000000000000000000
~~~~
3.375
6.515
182.9
7.62
0.593
0.638
N/A
486.9
240.0
N/A
