1532311040930000@@@@@@@@@@
00901461401241231211201192
11911814814714514113813633
15213212612412312200000030
00000026524600000041054104
95889497979796969593094082
00060708121215120807060000
00000000000000000000000000
41094101410641072463851170
41034110411641134112000000
1532320000000000@@@@@@@@@@
31200012044024806098100200
00000000004840404024900200
00000000008042508023903200
00000000000000000006903200
00000000000000000005004100
00000000000000000004010100
00000000000000000000000000
00000000000000000000000000
~~~~
1.47
N/A
N/A
N/A
1.239
2.595
N/A
N/A
N/A
4.73
