1533511400850000@@@@@@@@@@
00802581591561461371361352
13513421719919118316515433
15313512110809908600000000
00004165070010110044064400
74627785989999989989094375
00000000000000000000000000
00000000000000000000004404
44034400440144022463851100
44264410442744244410000000
1533520000000000@@@@@@@@@@
29900314114361306015903208031
16500115323112517021900200000
00000000004610201042624100000
00000000004920407023903500000
00000000000000000000000000000
00000000000000000000000000000
00000000000000000000000000000
00000000000000000000000000000
~~~~
N/A
1.48
8.27
26.84
3.529
1.52
2.035
N/A
177.2
130.0
4.71
