1533110815930000@@@@@@@@@@
00800001681081051041000001
00000000000000000000000043
15314914514113713300000032
000041230933135234$0324236
20211316$00413151921104221
54070202031212030200010000
00000000000000000000000000
423$4238423042372463851170
403$0240424$024$4040000000
1533120000000000@@@@@@@@@@
11200012054863014085003200000
20200012024044114135903200000
00000000000000000005703200000
00000000000000000008103200000
00000000000000000000000000000
00000000000000000000000000000
00000000000000000000000000000
00000000000000000000000000000
~~~~
9.14
7.596
5.23
4.000
0.652
7.90
N/A
8.500
N/A
4.700
