1532210930930000@@@@@@@@@@
00900001081291291271290002
00000000000000000000000010
10909408106605604800000000
00004134233500000000000000
09101008090908100910094067
00000000000000000000000000
00000000000000000000004011
40724066408140702463851170
40694077408040754079000000
1532220000000000@@@@@@@@@@
35200112044926227070901414007
00000000004372012021101308001
00000000001315027033703200000
00000000000000000008100200000
00000000000000000000000000000
00000000000000000000000000000
00000000000000000000000000000
00000000000000000000000000000
~~~~
N/A
5.464
6.536
28.71
1.630
2.905
0.580
N/A
4.167
13.33
5.508
