1533311020931000@@@@@@@@@@
00800001981491461451441370
00000000000000000000000010
16816015314513312900000000
00004106306404601443204321
14121113141416171919114297
00000000000000000000000000
00000000000000000000004308
40004313431043112463851170
53100316431000154007000000
1533320000000000@@@@@@@@@@
30200012284013114028100201434
00000000004330605016203100000
00000000003944319025700200000
00000000004720302030000000000
00000000000000000000000000000
00000000000000000000000000000
00000000000000000000000000000
00000000000000000000000000000
~~~~
3.318
7.583
5.82
1.367
1.418
0.033
N/A
39.78
138.0
5.167
