1532119900930000@@@@@@@@@@
00800001121191181181191182
11811900000000000000000010
09208106505404309900000010
00004108810100000040414041
08090708050404050405094024
80010204051111050402010000
00000000000000001381254035
40364033404840372463851170
40344840404640434047000000
1532120000000000@@@@@@@@@@
39916212355014824208113201454
00000000004381112166500208344
00000000004810819030000004444
00000000000000000000000000000
00000000000000000000000000000
00000000000000000000000000000
00000000000000000000000000000
00000000000000000000000000000
~~~~
N/A
N/A
7.719
22.41
0.550
2.108
0.357
N/A
32.37
132.3
N/A
