1533210925930000@@@@@@@@@@
00800002101411381381360002
00000000000000000000000000
16015214514113713300000000
00004107202100400642754276
26262423191412141821124255
00000000000000000000000000
00000000000000000000000000
42734274426842722463861170
42674278428442814280000000
1533220000000000@@@@@@@@@@
30500012073996621015000200000
00000000004610503053703200000
00000000000000000008100200000
00000000000000000000000000000
00000000000000000000000000000
00000000000000000000000000000
00000000000000000000000000000
00000000000000000000000000000
~~~~
7.000
9.02
122.1
5.962
1.436
0.350
N/A
549.6
141.8
4.676
