1533611500750140@@@@@@@@@@
00801911891301271221180002
00000020820420319318917100
18017116415314513300000000
00004114414216007844484449
98799397979597969494114434
00000000000000000000000000
00000000000000000000004444
44454450404644472463851170
49504453446344584462000000
1533620000000000@@@@@@@@@@
29900213084361213086500201444
21600215160932315065900200000
00000000003214022100000000000
00000000000000000000000000000
00000000000000000000000000000
00000000000000000000000000000
00000000000000000000000000000
00000000000000000000000000000
~~~~
N/A
4.500
7.075
123.8
7.56
1.486
0.564
N/A
94.67
198.0
5.063
