1542211210930000@@@@@@@@@@
30951771751031031000990001
00000016413411911511311044
11608207106105104700000032
00000000000000300401930194
81607178598283815865090176
00030303040506060788100300
03040502020303042472330185
01860190018801894820171250
01870197019601910195000000
1542220000000000@@@@@@@@@@
00000000003780803005700288
00000000004813528508100288
00000000003111706708153101
00000000000000000006900204
00000000000000000004824180
000000000000000000000000U5
00000000000000000000000000
00000000000000000000000000
~~~~
N/A
9.09
122.2
7.72
N/A
N/A
N/A
534.9
278.8
N/A
