1553211439830000@@@@@@@@@@
12161841861741541561551561
15315017517817716816716521
16616616616115914500000011
00004103303600200310421041
50625659829999909299071046
03030404050600000000000000
00000000000000000000001033
10341035103110322141437851
10361045104310371044000000
1553220000000000@@@@@@@@@@
22000325154891710021900204444
00000000003915514094700200000
00000000000000000006500200000
00000000000000000007500200000
00000000000000000007600200000
00000000000000000003700200000
00000000000000000005000200000
00000000000000000000000000000
~~~~
3.214
9.26
123.4
7.65
2.689
0.662
N/A
530.9
258.0
N/A
