1552311130930230@@@@@@@@@@
30160001501701261361341331
13213100000000000000000032
14714714414113011400000020
00004101201300400600000854
92939495969593949591070834
00000000000000000000000000
00000000000000000000000843
08440845084108422141487851
08460860085708510858000000
1552320000000000@@@@@@@@@@
02000122144640917026500201444
00000000004321413043700200000
00000000004240614024700200000
00000000000000000005900200000
00000000000000000001800200000
00000000000000000008100200000
00000000000000000000000000000
00000000000000000000000000000
~~~~
N/A
1.48
9.05
123.1
7.500
0.705
0.094
N/A
530.9
277.3
4.71
