1552111228930000@@@@@@@@@@
30160001591151121091091091
10910700000000000000000044
00000000000000000000000032
00004401000700000000000887
53542930272632484261070870
04030304040404030303030604
05110414030103010470280881
08820883087908802141437851
08840890088808850889000000
1552120000000000@@@@@@@@@@
39926314125011808181224101444
00000000004862111056500200000
00000000000921612103700200000
00000000003912614205900200000
00000000000000000004700200000
00000000000000000000000000000
00000000000000000000000000000
00000000000000000000000000000
~~~~
N/A
6.579
8.31
124.6
7.74
0.098
0.085
N/A
496.0
268.8
4.70
