1552611616710000@@@@@@@@@@
12161950001901741241231232
12312219419719619419018700
00000000000000000000000000
00004412114701201345930000
99999999999999999999084574
05038404050506000000000303
03030303030303030540594585
45864587458245842141437851
45884597459145894592000000
1552620000000000@@@@@@@@@@
22000022134883012034913101
00000000004610302076500200
00000000004011218045900200
00000000000000000003700200
00000000000000000000000000
00000000000000000000000000
00000000000000000000000000
00000000000000000000000000
~~~~
11.08
7.188
3.200
0.538
3.692
0.679
N/A
178.2
193.7
N/A
