1552511540930280@@@@@@@@@@
61160001661571441471471462
14600000000000000000000011
17016917016816316600000000
00004121220301000800004567
99999999999999999999070924
05030303030303030303030000
00000000000000000000000933
09340935093109322141437851
09364570456545684566000000
1552520000000000@@@@@@@@@@
12000314054851416038100201484
01000322133954022043700200000
00000000000000000006500200000
00000000000000000000000000000
00000000000000000000000000000
00000000000000000000000000000
00000000000000000000000000000
00000000000000000000000000000
~~~~
1.49
9.11
123.4
3.286
1.79
0.578
N/A
178.4
531.7
4.71
