1553111551120150@@@@@@@@@@
30160001761771521541541551
15515400000000000000000044
15316315015214414000000032
00004101401700400610691062
15161514161818161517071074
03010102020200000000000304
04040505040404040400521060
10611067105810592141437851
10681066105710841063000000
1553120000000000@@@@@@@@@@
12500324164385116028100204444
39991113403220706014700208334
00000000000000000005000200000
00000000000000000003900200000
00000000000000000007500200000
00000000000000000000000000000
00000000000000000000000000000
00000000000000000000000000000
~~~~
N/A
4.348
8.29
125.8
3.885
4.67
0.552
N/A
538.7
550.3
N/A
