1553311340430000@@@@@@@@@@
12101851601521391461461451
14514514514514013213012222
13113112812612311500000011
00004100101214016500001012
15162023222519232420071019
05020303040400000000000000
00000000000000000000001002
10031008100010012141437851
10051017101510131016000000
1553320000000000@@@@@@@@@@
32000122134852110003700204
00000000004352612075000202
00000000000000000004200200
00000000000000000006500200
00000000000000000008100200
00000000000000000007413100
00000000000000000007500200
00000000000000000000000000
~~~~
4.500
9.04
124.1
6.750
1.54
0.632
N/A
579.1
588.7
N/A
