1552411455930000@@@@@@@@@@
12160001521401311491501501
14915100000000000000000032
14814713712711310400000020
00004147349900800900000912
51412020185362603273070894
05010202030300000000000000
00000000000000000000000905
09060907090209042141497851
09080916091309090915000000
1552420000000000@@@@@@@@@@
25000322215032711074700201
02000314204861010056500200
00000000003919927305000200
00000000000000000002624100
00000000000000000003700200
00000000000000000005900200
00000000000000000008100200
00000000000000000000000000
~~~~
5.391
8.31
123.7
7.82
0.09
0.353
N/A
527.1
573.9
N/A
