1552711647930140@@@@@@@@@@
62102000001991801301241172
11411200000000000000000000
00000000000000000000000000
00004116115700000046130000
99999999999999999999084599
05010102030304000000000000
00000000000000000000004609
460$0611060746002141437851
06724618461746104616000000
1552720000000000@@@@@@@@@@
00000000004642510205900202444
00000000004930603056500200000
00000000002631609108100200000
00000000000000000000000000000
00000000000000000000000000000
00000000000000000000000000000
00000000000000000000000000000
00000000000000000000000000000
~~~~
1.30
9.12
123.8
3.560
1.48
0.597
N/A
560.0
523.1
5.587
