1551111545961000@@@@@@@@@@
00101231231331331331331330
13313300000000000000000000
00000000000000000000000000
00005411284004001000000000
13171715181615161520080592
10020405070404070504020603
04050604082003061111050602
06030604060006012141436851
06050610060806060609000000
1551120000000000@@@@@@@@@@
00000000000000000004700201434
00000000000000000007600200000
00000000000000000002624000000
00000000000000000000524100000
00000000000000000000000000000
00000000000000000000000000000
00000000000000000000000000000
00000000000000000000000000000
~~~~
N/A
5.300
8.117
99.42
5.192
0.611
0.625
N/A
179.3
270.3
N/A
