1562811505840000@@@@@@@@@@
61150001611481351431370001
00000000000000000000000010
15215315315515715800000000
00004218826334229300000014
0708070707070807$706100502
10050600000000000000000000
00000000000000000000000515
05160513058705182845971651
05120523052205190527000000
1562820000000000@@@@@@@@@@
22700003234880202110000014017
29913022234022008000000008304
22000200250000000000000000000
00000000000000000000000000000
00000000000000000000000000000
00000000000000000000000000000
00000000000000000000000000000
00000000000000000000000000000
~~~~
1.49
6.583
9.47
6.300
2.438
0.054
N/A
82.33
209.3
4.74
