1562711420940000@@@@@@@@@@
61150001461061020920890001
00000000000000000000000042
14513914610910009900000030
00004221824836429100000489
0505C*04060500040506100473
1003040000000000000000U000
01010000010101000901120483
04840488048604872845971651
04930497049404900499000000
1562720000000000@@@@@@@@@@
25000102244553529108800000
22500522245031010108000000
00000000003923018006900200
00000000000000000000000000
00000000000000000000000000
00000000000000000000000000
00000000000000000000000000
00000000000000000000000000
~~~~
2.136
6.569
48.00
3.214
0.639
0.332
N/A
81.43
86.19
4.74
