1561111555941000@@@@@@@@@@
30120001670770690620000002
00000000000000000000000023
06806305805103203000000020
00004224628321527000000274
64540607041207130204100264
10020500000000000000000000
00000000000000000000000275
02760285027802792845971651
00800282028100000283000000
1561120000000000@@@@@@@@@@
25000115233614023334213108001
10300002243128521050624204444
22000025254871608010000014027
00000000000000000000000000000
00000000000000000000000000000
00000000000000000000000000000
00000000000000000000000000000
00000000000000000000000000000
~~~~
9.09
6.557
9.91
0.25
N/A
0.355
N/A
178.3
181.1
N/A
