1562110855930000@@@@@@@@@@
12170001440830780780670002
00000000000000000000000043
14113812210209207800000010
00004123928224128300000301
01010201020101010101100292
10820500000000000000000101
00000001010000000000000302
03030315030503062845971651
03130318031003110319000000
1562120000000000@@@@@@@@@@
21500022220809003004200201
10200002214870118037400208
12000315234610107006000200
00000000003927717068100200
00000000000000000006500200
00000000000000000000000000
00000000000000000000000000
00000000000000000000000000
~~~~
4.333
6.560
28.35
3.571
N/A
N/A
N/A
31.42
200.6
4.72
