1562411158930000@@@@@@@@@@
12150001501141111111091072
00000000000000000000000032
15114614112211811300000020
00004324026024123700000398
03020101010201010202100382
10060711120000000000000607
11120002020300001121200395
03960392039703982845A71651
03940403040103990405000000
1562420000000000@@@@@@@@@@
24000204244892128027400201
12511215250000000008100208
00000000000000000007600200
00000000000000000005000200
00000000000000000006000200
00000000000000000000000000
00000000000000000000000000
00000000000000000000000000
~~~~
1.50
6.566
123.2
3.176
1.073
0.12
N/A
83.36
244.9
4.69
