1563411235830000@@@@@@@@@@
12120001621581571551541511
00000000000000000000000033
16416416115915915800000020
00004114015219621100000028
06040607050404030403100612
00010200000000000000000000
00000000000000000000000622
06230600C02400002840001650
060000000606C020C60E000000
1563420000000000@@@@@@@@@@
27016112214850605018100208001
21500023235033011047400200000
13500020244711317000141100000
00000000003910101000000000000
00000000000000000000000000000
00000000000000000000000000000
00000000000000000000000000000
00000000000000000000000000000
~~~~
1.48
6.603
51.11
5.076
1.96
0.266
N/A
178.2
200.9
4.72
