1560011438120410@@@@@@@@@@
62001851420000000900900862
88888807707606807005809011
11211409508808606600000000
00004351554500000000430044
00000000000000000000100014
00000000000000000000000202
00000000000000000000000026
00420025003400355432187690
00240030002800360033000000
1560020000000000@@@@@@@@@@
00000000254622914107413200000
00000000004713215002624100000
00000000002614816106513100000
00000000004214819005713300000
00000000000000000000000000000
00000000000000000000000000000
00000000000000000000000000000
00000000000000000000000000000
~~~~
N/A
1.36
6.521
182.3
3.556
2.548
0.542
N/A
99.41
17.68
N/A
