1613411220000160@@@@@@@@@@
12090000052000802260000201
00800000100100800100810501
07619417014913012200000021
00004106900801202238293830
36439985999999997057093818
03010202030301030304050000
00000000000000000000003831
38323827383338347423685190
38283836383738403835000000
1612220000000000@@@@@@@@@@
00000000100100815051965108334
00000000004031918056000200000
00000000004832714053900200000
00000000000000000008100200000
00000000000000000001000200000
00000000000000000005900200000
00000000000000000000000000000
00000000000000000000000000000
~~~~
11.09
6.736
53.10
3.102
0.09
0.594
N/A
N/A
N/A
5.692
