1612311141000100@@@@@@@@@@
10102200160681411031091530
10813319920801118110916203
10810118613213010800000032
00004108215903801805800588
06040908040009080201100500
03020101020101010201020000
00000000000000000000000593
05940590059105923560912840
05890583059605980585000000
1612220000000000@@@@@@@@@@
00000000100100815051965108334
00000000004031918056000200000
00000000004832714053900200000
00000000000000000008100200000
00000000000000000001000200000
00000000000000000005900200000
00000000000000000000000000000
00000000000000000000000000000
~~~~
9.09
6.652
43.84
1.619
0.375
0.524
N/A
12.27
16.40
6.563
