1613311322000000@@@@@@@@@@
12992291901671621661651631
15915419815312711109808732
18215813311910408700000020
00004102308100300238583859
15151831223115242725103847
03010101020201020202030000
00000000000000000000003860
38613857386238637423685190
38643866386938673865000000
1613320000000000@@@@@@@@@@
10000110100103008040900207051
12000112170382510045900200000
14000126171313013036000200000
26026116090000000006900200000
25000110110000000006500200000
23000116100000000000000000000
18800116140000000000000000000
16000014150000000000000000000
~~~~
N/A
4.204
6.730
1.905
0.573
2.091
1.250
N/A
N/A
N/A
N/A
