1612210831000000@@@@@@@@@@
30101020961141231281281282
10810810410109809108908833
08306806006006008900000030
00004114611406908905000501
32030904010103020201090488
02010101010201010102020000
00000000000000000000000506
05000502050405053560912840
05030490049905140498000000
1612220000000000@@@@@@@@@@
00000000100100815051965108334
00000000004031918056000200000
00000000004832714053900200000
00000000000000000008100200000
00000000000000000001000200000
00000000000000000005900200000
00000000000000000000000000000
00000000000000000000000000000
~~~~
N/A
8.35
10.00
0.24
1.160
1.024
N/A
8.28
142.5
N/A
