1613111550510110@@@@@@@@@@
30992322211851981831831871
18117921319619318416916122
19719819417916514700000011
00004303804101902239153909
19361112253035957852093899
03010101020301020202031414
15151415161616150940123910
39113908391239137423685190
39143917392239183916000000
1613120000000000@@@@@@@@@@
02000012023231509013900200000
26000110024362016040000000000
15000116034811005010000000000
15000015040000000000000000000
22000115030000000000000000000
26000115070000000000000000000
19900015060000000000000000000
15000114040000000000000000000
~~~~
3.267
7.132
181.5
3.844
0.625
0.634
N/A
N/A
N/A
N/A
