1610211654930000@@@@@@@@@@
00040000001001001001090001
00000000000000000000000000
10310410710810700700000011
00004409809800100100000041
41383006374130443706110420
03020201020201020202030401
19223009344127300891050434
04350433044204431392471150
04320438043704440440000000
1660120000000000@@@@@@@@@@
10000000042817029005713200000
00000000002662719903913200000
00000000003123020996913200000
00000000060000000001224100000
00000000000000000000000000000
00000000010000000000000000000
00000000020000000000000000000
00000000000000000000000000000
~~~~
9.09
8.31
27.97
3.840
1.275
1.111
N/A
79.50
123.0
7.25
