1612411928000000@@@@@@@@@@
00102800001181151161141101
11810100021010119018919343
19820020319010214900000032
00004401802306608008960624
00060804020300000600100613
02030002030201030504040000
00010000000001000410310638
06390620063606303560912840
06250626062906400628000000
1612420000000000@@@@@@@@@@
09900166104821410055900201454
00000000002510506993900200000
00000000004350807010000000000
00000000003913616100000000000
00000000000000000000000000000
00000000000000000000000000000
00000000000000000000000000000
00000000000000000000000000000
~~~~
N/A
3.125
N/A
58.94
3.958
0.339
0.667
N/A
N/A
N/A
4.75
