1623611447220000@@@@@@@@@@
12992722461901950000000002
00000026922218916715114511
20117516615413512900000000
00004345342300300709060905
99979696427036412571100888
04000102020202030304050000
00000000000000000641870900
09020899090309041392471150
08980908090709100909000000
1623620000000000@@@@@@@@@@
13216026293955525154200200000
00000000054831406065900214007
00000000024320903020000000000
00000000404024321100000000000
00000000320000000000000000000
00000000030000000000000000000
00000000020000000000000000000
00000000520000000000000000000
~~~~
N/A
2.500
7.664
122.8
3.657
1.90
7.93
N/A
N/A
N/A
N/A
