1620011527330180@@@@@@@@@@
00001701701161140000000002
00000019018010618417616000
13515411510309107300000000
00004300000000400507570756
79689495969098079600000000
00094864000010246400000000
00000000000000001533650759
07600755075207537415683290
07510754075807610745000000
1620020000000000@@@@@@@@@@
00000000030843010100555103200
00000090904020215100042100000
07200004942520402002000200000
00000000000211004007600200000
00000000000213813100000000000
00000000000000000000000000000
00000000000000000000000000000
00000000000000000000000000000
~~~~
8.176
N/A
N/A
N/A
0.041
0.09
N/A
N/A
N/A
7.27
