1623511409228220@@@@@@@@@@
00992640007011051891821740
10317000000000000000000000
00000000000000000000000000
00005151650400600800000000
97969898969797999897100855
04010002040602020203050000
00000000000000000390340868
08690867087008711392471150
08660876087408720875000000
1623520000000000@@@@@@@@@@
00000000004791006378100214007
00000000000000000006600200000
00000000000000000000000000000
00000000000000000000000000000
00000000000000000000000000000
00000000000000000000000000000
00000000000000000000000000000
00000000000000000000000000000
~~~~
3.127
7.083
53.33
3.074
2.026
N/A
N/A
N/A
N/A
N/A
