1622211028000000@@@@@@@@@@
00990940901010000000000001
00000012009400008005809030
07707607406806805300000020
00004100019800200106000607
19804418063620957295110616
04010101010301010202020000
00000000000000000000000000
00000628063506381392471150
06270639063606290640000000
1622220000000000@@@@@@@@@@
26058162147305180765002000000
0000000690515070359020200000@
00000001543522218058100000000
00000000080000000004600200000
00000000800000000001141100000
00000000870000000005710200000
00000000700000000004713200000
00000000310000000000000000000
~~~~
N/A
2.429
7.237
50.66
1.333
2.462
2.500
N/A
N/A
N/A
7.29
