1623811608220000@@@@@@@@@@
30991931841761821830000002
00000019719418516815414500
20219817616415514200000000
00004128129200300209420943
92959996909797999796090924
04010202020301020202030000
00000000000000000000000935
09360934093709381392471150
09330941094509390946000000
1623820000000000@@@@@@@@@@
18536166120000000000624100000
00000000120000000000000000000
00000000200000000000000000000
00000000260000000000000000000
00000000010000000000000000000
00000000350000000000000000000
00000000030000000000000000000
00000000160000000000000000000
~~~~
11.05
5.833
26.76
3.213
0.525
7.79
N/A
N/A
N/A
N/A
