1623411220220260@@@@@@@@@@
22992431501561510000000002
00000019920019418718417312
17717717415612811300000000
00004113012600900808480849
82929873849896989797100821
04010102020203070709090000
00000000000000000000000833
08340832083508361392471750
08310847083808510850000000
1623420000000000@@@@@@@@@@
26538165313974720064765100000
00000000394911007027500200000
00000000084610403060000000000
00000000084310706060000000000
00000000010000000000000000000
00000000130000000000000000000
00000000150000000000000000000
00000000090000000000000000000
~~~~
N/A
4.304
6.636
47.05
3.240
0.13
7.79
N/A
N/A
N/A
N/A
