1622311224000000@@@@@@@@@@
33401801913000800000000001
00000013009300005303804621
18010810306806306300000011
00004407123801300506700679
23482621454597956996100654
01000001000100010101010080
01000000000000000080080666
86670665066806691392471150
06640675067306710676000000
1622320000000000@@@@@@@@@@
10000010084384000026000007400
00000000000610001030000000000
00000000972610000256500800000
00000000800110706101900200000
00000000430000000005000200000
00000000480000000000000000000
00000000630000000000000000000
00000000160000000000000000000
~~~~
N/A
4.145
6.528
1.224
0.561
0.618
7.64
N/A
6.985
N/A
N/A
