1623210934000000@@@@@@@@@@
30991771421511621550000001
00000017113210609809208122
08407907506105705200000011
00004110310301702007740781
95969897979796692418110756
04010102020302020203030000
00000000000000000000000768
07700784077107721392471150
07670782077807750783000000
1623220000000000@@@@@@@@@@
24016115104321705054200200000
00000000364821714055000200000
00000000433915316125900200000
00000000404713513100000000000
00000000330512417260000000000
00000000210000000000000000000
00000000710000000000000000000
00000000100000000000000000000
~~~~
6.556
8.36
9.80
0.24
N/A
N/A
N/A
N/A
N/A
N/A
