1621111620710130@@@@@@@@@@
12992081640081800000000001
00000018217817213509805922
09809308307306505800000011
00004115005100500205590568
33451717734572877493100541
04010101010202020302030000
00000000000000000000000555
05560554055705581392471150
05520565056205730566000000
1621120000000000@@@@@@@@@@
24088115373916726115100200000
00000000464730202015000200000
00000000494335625083900200000
00000000754812221040000000000
00000000080000000000000000000
00000000400000000000000000000
00000000620000000000000000000
00000000120000000000000000000
~~~~
5.492
6.720
7.778
0.059
0.274
0.677
N/A
177.5
19.08
N/A
