1622110910800180@@@@@@@@@@
30990806910410301001000000
00000009000000000000104011
05505205509105209600000000
00004303203000407009990601
17173310309033121308120681
04010203030502030402020101
01020843538993991940000995
05960599059700981392471150
05930603060206070604000000
1622120000000000@@@@@@@@@@
10428110094831700019400200000
00000000084300900089000200000
00000000084620809023900200000
00000000123926026158100200000
00000000123113421204900200000
00000000104912011210000000000
00000000400000000000000000000
00000000110000000000000000000
~~~~
N/A
11.06
7.052
24.72
0.598
2.176
1.457
N/A
494.7
82.97
N/A
