1633210926000000@@@@@@@@@@
00500090001701771570000002
00000001511013612011210002
19215313311510309700000000
00000009007002001725152516
07060203070205060303102505
00000000000000000000000000
00000000000000000000002017
25182520253125320000000000
25212525253025222528000000
1633220000000000@@@@@@@@@@
00000000003988041048113201434
00000000004320709034923200000
00000000000000000006224200000
00000000000000000005713200000
00000000000000000006513200000
00000000000000000000723200000
00000000000000000005913200000
00000000000000000004623200000
~~~~
N/A
2.409
8.33
22.46
16.67
4.09
1.116
N/A
N/A
N/A
N/A
