1632311127000000@@@@@@@@@@
00000000000000000000000000
00000000000000000000000001
00000000000000000000000000
00000000000000000023412342
00000000000000000000092332
01000100040302020303030000
00000000000000000000002343
23452346234823490000000000
23502357235623512359000000
1632320000000000@@@@@@@@@@
00000000004000112990913208006
00000000000040001000123200000
00000000000000000006513200000
00000000000000000000000000000
00000000000000000000000000000
00000000000000000000000000000
00000000000000000000000000000
00000000000000000000000000000
~~~~
N/A
5.250
6.571
132.8
15.86
1.039
1.101
N/A
N/A
N/A
6.525
