1630211700930270@@@@@@@@@@
30100000931201251251281291
12012500000000000000000032
09209008908900908800000021
00004344540921303600488340
24240021181025313100090332
14030505020101020400040916
35110912121308110001040350
03510345035203533560912840
03490342034303580344000000
1630220000000000@@@@@@@@@@
24800116115042211044613118834
20000000003621608085000200000
20000000000212018993913200000
20000000004232018040000000000
00000000003111717130000000000
00000000000000000000000000000
00000000000000000000000000000
00000000000000000000000000000
~~~~
5.357
8.26
26.89
0.15
0.367
8.19
N/A
10.44
142.0
7.27
