1633110807000000@@@@@@@@@@
00901001201141101010010001
00000010010110510410310042
11010300500000900000000041
00000007808001202124782479
01030206050103040204102468
01020305050601030405050000
00000000000000000000002480
24812486248324850000000000
24872491249324882492000000
1633120000000000@@@@@@@@@@
00000000004662522027413200000
00000000004046018086573200000
00000000000000000008113200000
00000000000000000006913200000
00000000000000000004713200000
00000000000000000000513200000
00000000000000000005013200000
00000000000000000000000000000
~~~~
N/A
11.19
8.35
7.692
0.250
0.375
3.92
N/A
N/A
N/A
N/A
