1632511415000000@@@@@@@@@@
00001631281391471191050931
00000020817114312911209424
20612511810809809500000012
00000023229402301524082410
03020405010203020104092397
01000203040001020404000000
00000000000000000000002411
24122415241324140000000000
24172420242224182421000000
1632520000000000@@@@@@@@@@
00000100004070217037413201434
00000000114934219015004200000
00000000120000000000631100000
00000000090000000004713100000
00000000000000000000000000000
00000000000000000000000000000
00000000000000000000000000000
00000000000000000000000000000
~~~~
11.05
5.848
54.48
1.500
0.08
1.192
N/A
N/A
N/A
N/A
