1633311028000000@@@@@@@@@@
00502472411521501630000002
00000010913008407207006123
14009507507607306800000001
00000016630404103825452546
01040201020201031004102535
00000000000000000000000000
00000000000000000000002547
25492552255025510000000000
25532556255925542558000000
1633320000000000@@@@@@@@@@
00000000004330805024723101434
00000000004043225025755100000
00000000004630406098113200000
00000000000000000006513200000
00000000000000000000000000000
00000000000000000000000000000
00000000000000000000000000000
00000000000000000000000000000
~~~~
6.923
5.96
9.38
0.23
N/A
N/A
N/A
N/A
N/A
N/A
