1632210957000000@@@@@@@@@@
00001421611090011001001041
00000013009608307807206612
12608706404904904700000011
00000002606303407422922294
04020203010205030203102282
01010203050001020203000000
00020100010201000000002297
22992295230023010000000000
22962304230623022305000000
1632220000000000@@@@@@@@@@
02516122024915831995913214514
00000000034373629058123200000
00000000020122528027424200000
00000000000000000005023200000
00000000000000000000000000000
00000000000000000000000000000
00000000000000000000000000000
00000000000000000000000000000
~~~~
11.02
6.591
104.5
3.942
N/A
7.72
N/A
N/A
N/A
N/A
