1632110857000000@@@@@@@@@@
00501301001031011191170001
00000007906506206106005524
07006005485204604200000001
00000001003201003122662268
02010302050302030204102256
01010101020304030403020200
00000000000000000000002269
22702271227322740000000000
22722275227922772276000000
1632120000000000@@@@@@@@@@
05038012013926223068113208006
00000000024918217996524214414
00000000014372512043913200000
00000000010000000004623200000
00000000020000000005913200000
00000000030000000000000000000
00000000020000000000000000000
00000000030000000000000000000
~~~~
8.600
6.616
122.2
3.216
1.54
2.375
N/A
N/A
N/A
N/A
