1632411023000000@@@@@@@@@@
00001091961801871801771702
10015629820001010010016700
21218417416914615600000000
00000020823800100123752376
07050302010304050603092365
01000305040701030708100000
00000000000000000000002377
23782383237923800000000000
23842388239023852389000000
1632420000000000@@@@@@@@@@
00000000003428020000641104134
00000000004580302015913201434
00000000000000000007413200000
00000000000000000006513200000
00000000000000000004724200000
00000000000000000007613200000
00000000000000000000000000000
00000000000000000000000000000
~~~~
6.235
7.173
2.857
0.750
0.052
4.02
N/A
N/A
N/A
N/A
