1643411422530230@@@@@@@@@@
61102602401071661341281252
12416526731902001230009100
24022622121119017300000000
00004100000001101101700171
00000000000000000000090158
10081522293540455054580000
00000000000000000000000167
01680169018101821153287469
01720180018301770179000000
1643420000000000@@@@@@@@@@
23500342225044213125013208031
39925066243923820996513200000
00000000004842116078113200000
00000000000000000004924200000
00000000000000000000000000000
00000000000000000000000000000
00000000000000000000000000000
00000000000000000000000000000
~~~~
2.378
6.592
26.82
15.07
0.121
1.250
N/A
N/A
N/A
N/A
