1643311225540250@@@@@@@@@@
11112842571061071421270002
00000027528401028726625400
15113311911211010400000000
00004100000000205301450146
00000000000000000000090133
99458099999999998045000000
00000000000000009999990142
01430144014701481153287469
01510153015201550154000000
1643320000000000@@@@@@@@@@
11000022074871916018113208031
00000000004615720995124222031
00000000004612013997513221046
00000000003916022991524100000
00000000000000000007413200000
00000000000000000005913200000
00000000000000000006524200000
00000000000000000000741200000
~~~~
N/A
5.333
5.97
2.222
15.58
0.568
1.057
N/A
N/A
N/A
N/A
