1642411430000000@@@@@@@@@@
11762902562130040000000001
00000027029827818617515000
18718716715514112400000020
00004200000005804605111512
66993334809797539830091501
99234053606360534023000000
00000000000000009999991503
15141510151515161359726840
15171525152815181526000000
1642320000000000@@@@@@@@@@
10000110080550011016020200000
00000000000060010055913200000
00000000000000000003913200000
00000000000000000000000000000
00000000000000000000000000000
00000000000000000000000000000
00000000000000000000000000000
00000000000000000000000000000
~~~~
6.429
6.580
6.94
0.25
0.12
1.171
N/A
N/A
N/A
6.167
