1642311049000080@@@@@@@@@@
11160962881761761320000001
00000008885823080019018002
19918810311011310900000020
00004100000004705114881089
98809998867034999989091474
99112026303130262011000000
00000000000000009999991483
19841487148514861359726840
14901497149914911498000000
1642320000000000@@@@@@@@@@
10000110080550011016020200000
00000000000060010055913200000
00000000000000000003913200000
00000000000000000000000000000
00000000000000000000000000000
00000000000000000000000000000
00000000000000000000000000000
00000000000000000000000000000
~~~~
2.043
5.97
9.88
0.750
0.629
1.200
N/A
N/A
N/A
N/A
