1640211638210270@@@@@@@@@@
301200009011*11617*7091252
00000000000000000000000021
09011113613115313000000021
00004399849801000900450044
03030304040403030409100033
05030304040305020303050402
03060502040303022050550043
004000460054005611*8543420
004*0052006000490048000080
1640220000000000@@@@@@@@@@
32900315285071*16095080200
00000000003122818**5700200
00000000009818683384200200
00000000000000000000000000
00000000000000000000000000
00000000000000000000000000
00000000000000000000000000
00000000000000000000000000
~~~~
7.000
7.611
28.12
7.54
0.11
7.72
N/A
35.71
204.0
7.29
