1642511808008010@@@@@@@@@@
11108990001001001011000000
00000008000080010010010010
18800110080080008000000080
00004000000000001008487846
88908800085008888869091880
88081887800880071608000000
00000000000000009098891540
16011544154215031099726800
15471563155615081554000000
1642520000000000@@@@@@@@@@
29918066064881006016024207041
10200325114612112095013200000
00000000004510204990000000000
00000000000000000000000000000
00000000000000000000000000000
00000000000000000000000000000
00000000000000000000000000000
00000000000000000000000000000
~~~~
N/A
N/A
6.724
55.68
0.25
1.091
1.122
N/A
N/A
N/A
N/A
