1642211760000000@@@@@@@@@@
00000600001081001030000001
00000000010111008807807243
10808008207106305700000032
00000304008215003010601466
88998568404967324008101450
80081520242620262420150101
01020107018201012102401460
14611465146214631359726840
19671470147214681470000000
1642220000000000@@@@@@@@@@
02500022494014017991013208831
00000000004553810061724100000
00000000004444923070000000000
00000000000000000000000000000
00000000000000000000000000000
00000000000000000000000000000
00000000000000000000000000000
00000000000000000000000000000
~~~~
N/A
6.732
25.71
3.538
1.119
0.719
N/A
N/A
N/A
N/A
