1643210951000180@@@@@@@@@@
30102212080960810000000001
00000018816409708306005143
20113711610408506500000032
00004404104206006301010102
51974199736773637489081589
01000101010101010101011010
10101110091010100150060103
01040100010501061153287469
01070112011401080113000000
1643220000000000@@@@@@@@@@
00000000004316921992624208031
00000000004851311021013222031
00000000003224216105013200000
00000000004923017020000000000
00000000000000000000000000000
00000000000000000000000000000
00000000000000000000000000000
00000000000000000000000000000
~~~~
N/A
4.333
5.833
9.87
0.514
0.750
2.094
N/A
N/A
N/A
N/A
