1643511548560140@@@@@@@@@@
01102772701891681022051912
18417520325019017516314710
26325829323122621300000000
00004100000008008102050206
00000000000000000000090189
20010204060806040201000000
00000000000000002002000001
02020200020302041153287469
02070215021702080214000000
1643520000000000@@@@@@@@@@
00300016024513118994613208144
32500020024862419087513208374
00000000003030505072624100000
00000000000000000000731100000
00000000000000000000000000000
00000000000000000000000000000
00000000000000000000000000000
00000000000000000000000000000
~~~~
7.000
5.98
7.63
0.100
0.317
1.214
N/A
N/A
N/A
N/A
