1641111620370000@@@@@@@@@@
11002132001681001001001000
10000001510010517716614010
12011608607206305000000000
00004436703001702713921393
07000001038181010201111377
02030506070807060908002519
18192020192021050240281388
13891394139013911511723840
13951402000013961403000000
1641120000000000@@@@@@@@@@
11500115310752710025755102440
00000000003012410906924100000
00000000001382218021224100000
00000000000000000004955100000
00000000000000000000541100000
00000000000000000005013100000
00000000000000000001716100000
00000000000000000000000000000
~~~~
N/A
4.372
5.99
20.64
0.25
N/A
N/A
N/A
1.124
12.95
6.611
