1643110850000000@@@@@@@@@@
61101731671701661470000001
00000019519317816614613421
11811711411311211100000011
00004100000006706915691570
98999999999963989999091558
99162837424442372816000000
00000000000000009999991571
15721568157315741359726841
15671582158415751583000000
1643120000000000@@@@@@@@@@
94000013133123722994924221334
00000000003081704015013200000
00000000000000000004713100000
00000000000000000000524200000
00000000000000000006513200000
00000000000000000005913200000
00000000000000000007513200000
00000000000000000008113200000
~~~~
N/A
4.458
5.97
2.000
0.750
0.102
1.149
N/A
10.99
N/A
N/A
