1652711600990210@@@@@@@@@@
12102232197802001611561511
15915720301821621210916042
19519619619618918000000032
00004218410902202004600468
08100008080610100406100453
02040404030401020303030000
00000000000000000000000401
04720403046904003560912840
04740464046604080465000000
1652720000000000@@@@@@@@@@
74100366114522829057400000000
00000000003112415053900000000
00000000004072617998100000000
00000000004631015010000000000
00000000000000000000000000000
00000000000000000000000000000
00000000000000000000000000000
00000000000000000000000000000
~~~~
N/A
4.136
7.107
91.83
8.80
0.371
0.525
N/A
27.61
17.80
7.26
