1652110470000000@@@@@@@@@@
10001101011001010000010001
00100010000000000000007809
11101000800100600000000040
00004100000008000836963695
00494806029999999999093679
05010100000401020202030000
00000000000000000000003691
36923688369336947423685190
36903698370236993697000000
1652120000000000@@@@@@@@@@
10000100004004010000100200000
10000700100740000041000200000
14000106104820006010918100000
00000110104023006010100200000
10000115000000000003900200000
08000119090000000000000000000
25000116090000000000000000000
22000114110000000000000000000
~~~~
N/A
1.467
5.93
126.2
15.36
0.11
1.240
N/A
N/A
N/A
N/A
