1652511506000280@@@@@@@@@@
01042700001001901011161700
10116003640730090908004610
00000000000000000000000010
00004145541000500438100000
99999999999999999999093796
03000404040304040505060000
00000000000000000000003805
38063809380738087423685190
38113813381800003812000000
1652520000000000@@@@@@@@@@
10500324140360301015900200000
10000014114240401015700200000
10600012090000000000000000000
10700014080000000000000000000
10700314110000000000000000000
10400015100000000000000000000
10500024100000000000000000000
10400014100000000000000000000
~~~~
2.143
7.174
25.00
1.077
0.12
1.208
N/A
N/A
N/A
N/A
