1652311136000000@@@@@@@@@@
30992412402142102072172191
22020815014612311309107644
10109809709408607300000032
00004102109001803137573753
99948999999999999999093732
05020202030301010203040000
00000000000000000000003743
37443741374537467423685190
37423755375637493754000000
1652320000000000@@@@@@@@@@
26000146134653013055900200000
00000000004731003010000000000
00000000000120201010000000000
00000000000000000000000000000
00000000000000000000000000000
00000000000000000000000000000
00000000000000000000000000000
00000000000000000000000000000
~~~~
N/A
7.004
53.12
3.321
1.094
1.349
N/A
N/A
N/A
N/A
