1652411430000000@@@@@@@@@@
12992522352172312072022061
19819128525522618716815344
16617417416515313900000032
00004141355001002437733774
99334871999999999999093758
05010103030401010203030000
00000000000000000000003768
37693772377037717423685190
37843783378537783781000000
1652420000000000@@@@@@@@@@
14000016123938000064000207011
04000045114872006026500200000
02000012150000000002624100000
19900016060000000008100200000
29900016100000000005900200000
28020045100000000006000200000
17000046090000000000000000000
19931042100000000000000000000
~~~~
N/A
6.333
7.080
47.69
8.59
0.316
1.200
N/A
N/A
N/A
N/A
