1660211658690110@@@@@@@@@@
00000001000911010000000001
00000000000000000000000093
09000808708308007000000007
00000087908130910121002135
00010000000700000200092125
01000809100103090000000401
09000005091300000000000138
01392135214521480000000000
21442152215421502153000000
1660220000000000@@@@@@@@@@
07816114000943720045013203454
00000000001350904052604100000
00000000020000000006913200000
00000000030000000004913100000
00000000010000000000000000000
00000000040000000000000000000
00000000010000000000000000000
00000000020000000000000000000
~~~~
6.082
7.583
27.24
8.36
0.09
3.57
N/A
35.06
245.9
6.77
