1663511609000000@@@@@@@@@@
12120052021041061541531512
10000022919217215113712722
10514412911009308100000020
00004100000000000006070608
03041010040410100506090620
05010308080603030505050000
00000000000000000000000605
06060610060306041025783420
06090614061306150611000000
1663520000000000@@@@@@@@@@
02400015005093018006524108334
00000000000012710100000000000
00000000000000000000000000000
00000000000000000000000000000
00000000000000000000000000000
00000000000000000000000000000
00000000000000000000000000000
00000000000000000000000000000
~~~~
N/A
2.050
5.885
129.9
17.85
1.200
0.694
N/A
N/A
N/A
N/A
