1662110857000000@@@@@@@@@@
11121321130600570490530002
00000010109308207607408022
08708207307006606800000021
00004100000000000001850188
00040405030403040405110173
05010203040401040404050000
00000000000000000000000193
01940184019001921125783420
01890195020101960199000000
1662120000000000@@@@@@@@@@
31800345293910609308100200000
00000000004590510011825100000
00000000000000000004900200000
00000000000000000006500200000
00000000000000000003900200000
00000000000000000005000200000
00000000000000000004700200000
00000000000000000002600200000
~~~~
11.16
6.709
27.50
3.905
0.631
3.75
N/A
N/A
N/A
N/A
