1662611417000140@@@@@@@@@@
01100302000000000000000001
00000010100000820019400500
20616510110010013500000000
00004140037000000003870386
10101010101010101010110365
00000000000000000000000000
00000000000000000000000380
03820383037803791125788420
03850392039303880390000000
1662620000000000@@@@@@@@@@
11500312304691208053900200000
00000000005013517306524100000
00000000000000000000000000000
00000000000000000000000000000
00000000000000000000000000000
00000000000000000000000000000
00000000000000000000000000000
00000000000000000000000000000
~~~~
11.13
7.031
52.85
16.70
0.11
0.083
N/A
N/A
N/A
N/A
