1663110939000000@@@@@@@@@@
61122312231361291310000002
000000194134114107105107*2
11911610811010910800000011
00004408808001701804700479
04040610100405040610100467
09000301010101020200010102
01020101020102020460360485
04860477048104821025783420
04800491049304830487000000
1663120000000000@@@@@@@@@@
23500124283223714191100208
15500124294912213085755421
00000000004862714036500200
00000000004610704024600200
00000000000000000004700200
00000000000000000005000200
00000000*00000000000000000
00000000000000000000000000
~~~~
1.414
5.92
6.18
0.520
0.11
0.121
N/A
N/A
N/A
N/A
