1663311142000000@@@@@@@@@@
12122602381491391411340002
00000018614312210809408622
14811010409008208200000021
00004105907100000005320534
10040406050604051010100553
05010204050501010404050000
00000000000000000000000542
05430530053605371025783420
05350551055205380544000000
1663320000000000@@@@@@@@@@
12500110284001010015000208031
00000000000006926105700200000
00000000000000000006000000000
00000000000000000006500200000
00000000000000000008100200000
00000000000000000003900200000
00000000000000000000000000000
00000000000000000000000000000
~~~~
N/A
N/A
7.004
6.35
0.206
1.20
0.029
N/A
N/A
N/A
N/A
