1713311225850172@@@@@@@@@@
30112152141511511420000001
00000017515313411911009333
19115214012409809100000021
00004106105414615404460445
00000000000000000000100434
00000000000000000000000000
00000000000000009999990448
04490447045004511258174120
04520456045704530455000000
1611120000000000@@@@@@@@@@
23500345044862413040813200
00000000062521614075613200
00000000063215920165113200
00000000040518126270000000
00000000010000000000000000
00000000000000000000000000
00000000000000000000000000
00000000030000000000000000
~~~~
11.22
7.653
195.2
8.41
4.37
2.700
N/A
11.65
17.97
6.191
