1711111555000000@@@@@@@@@@
12111941991651571580000001
00000021020119017916710333
16119920219919518600000001
00004199999925651202130010
00000000000000000000100000
00000000000000000000000000
00000000000000000000000017
02160215021802191258174100
02200225022602210224000000
1611120000000000@@@@@@@@@@
33016123034851010025013100000
00000000030922217066513200000
00000000054622213064613200000
00000000063915615207413200000
00000000040000000008713200000
00000000010000000007613200000
00000000040000000000000000000
00000000050000000000000000000
~~~~
N/A
6.704
8.92
20.35
0.588
0.11
1.438
N/A
13.36
19.77
6.553
