1712411334000002@@@@@@@@@@
30112472421141161141140002
00000021817514313408306943
13213211510008707800000022
00004400000027527003370338
00000000000000000000100327
03030303020201020201010305
00000003000201000380300340
03410339034203431258174120
03440348034903450347000000
1712320000000000@@@@@@@@@@
24526514024521310044213200
00000000063932614074713200
00000000054823714156513200
00000000073730203015713200
00000000010000000005913200
00000000040000000003913200
00000000050000000000000000
00000000090000000000000000
00000000010000000000000000
~~~~
2.112
8.27
185.0
1.412
1.290
1.500
N/A
13.78
147.0
7.42
