1710411235590162@@@@@@@@@@
21110001171011021021021022
10200000000000000000000051
11512212011811410800000012
00004349849999999901880189
00000000000000000000090178
04020505040302030303030102
03050500020405050851200191
01920190134001941258174120
01870198019601990195000000
1710420000000000@@@@@@@@@@
47500356062624617106913200000
00000000104723313087413200000
00000000090525822155755100000
00000000093212710205013200000
00000000030331906037613200000
00000000040000000000000000000
00000000010000000000000000000
00000000000000000000000000000
00000000020000000000000000000
~~~~
11.16
8.80
6.26
1.364
0.287
0.676
N/A
81.76
156.8
7.30
