1713211103150532@@@@@@@@@@
12112302191671651521430001
00000036215214811410208021
20414411611410109200000011
00004105604617417604170416
00000000000000000000100406
00000000000000000000000000
00000000000000009999990418
04190422042042112858174120
04230428042704240426000000
1611120000000000@@@@@@@@@@
12600315024861816047131000000
00000000013939929135713200000
00000000030912813246513200000
00000000040000000004613200000
00000000000000000007413200000
00000000000000000001013200000
00000000000000000005113200000
00000000050000000004713100000
~~~~
2.420
8.81
189.2
9.19
0.110
1.271
N/A
152.7
224.7
7.31
