1713411320350272@@@@@@@@@@
11112522362252132150000001
00000039126224918916613731
24819618818016013800000001
00004130021726126047204710
00000000000000000000100461
00000000000000000000000000
00000000000000009999990473
04740478047604771258174120
04790483048404800482000000
1611120000000000@@@@@@@@@@
33000322014631111074213200000
00000000048324141066713200000
00000000039254311265132000000
00000000049271211310132000000
00000000000000000081132000000
00000000000000000000000000000
00000000000000000000000000000
00000000000000000000000000000
~~~~
11.02
8.77
7.09
0.629
0.375
3.000
N/A
14.41
7.273
7.29
