1712110920000002@@@@@@@@@@
30111611651401521331321311
12200014212610710309207932
09909508709909508700000022
00004200000022116002400239
00000000000000000000100229
00000000000000000000000000
00000000000000009999990241
02420245024302441258174120
02460249025002470251000000
1732520000000000@@@@@@@@@@
00000000170000000000141108
00000000104581612035700200
00000000114914816002600200
00000000143914944005000200
00000000080000000000000000
00000000150000000000000000
00000000000000000000000000
00000000000000000000000000
00000000000000000000000000
~~~~
9.06
8.26
184.7
0.167
2.902
2.818
N/A
13.82
10.00
6.133
