1713110930151220@@@@@@@@@@
30111851791421371400000002
00000016011709208307807342
10110810710210309300000023
00004102000036335703930391
00000000000000000000090391
00000000000000000000000000
00000000000000009999990394
03950403039603971258174120
03910402040109398040000000
1611120000000000@@@@@@@@@@
22500015033210808108113200
00000000034350809037413200
00000000043710302073413100
00000000010932814057513200
00000000000000000005713200
00000000020000000000000000
00000000020000000000000000
00000000000000000000000000
~~~~
5.188
8.86
N/A
N/A
1.67
7.99
N/A
N/A
49.23
5.740
