1712311155000132@@@@@@@@@@
12112131882382621320000001
00000028919414712010810420
16112810008308107100000001
00005114100020321403140313
00000000000000000000090299
00000000000000000000000000
00000000000000009999990315
03160309031703181258174120
03190322032103230320000000
1712220000000000@@@@@@@@@@
22000325024543016045913200
00000000093132819106513200
00000000104620605204213200
00000000104812515060000000
00000000050000000000000000
00000000100000000000000000
00000000010000000000000000
00000000020000000000000000
00000000010000000000000000
~~~~
6.500
8.77
6.01
0.250
0.356
1.429
N/A
13.91
20.00
4.575
