1712211030000152@@@@@@@@@@
30111691691461401410000002
00000014512811810810009735
09810910109508108200000003
00004113010236131002770278
00000000000000000000090287
00000000000000000000000000
00000000000000009999990272
02730276027402751258174120
02820284028502800283000000
1712120000000000@@@@@@@@@@
33016123034851010025013100
00000000030922217066513200
00000000054622213064613200
00000000063915615207413200
00000000040000000008113200
00000000010000000007613200
00000000040000000000000000
00000000050000000000000000
00000000050000000000000000
~~~~
2.130
8.85
190.4
8.55
0.318
1.087
N/A
14.77
11.85
7.27
