1712511520000002@@@@@@@@@@
12002422241961751701621561
14800011510608005403802030
09607007606302900000000021
00004102002038039003660365
00000000000000000000100355
00000000000000000000000000
00000000000000009999990369
03680367037003711258174160
03720377037803730375000000
1712420000000000@@@@@@@@@@
22800115054913818076513200000
00000000004530806087613200000
00000000004310906205713200000
00000000003214515155113200000
00000000050542317050000000000
00000000000000000000000000000
00000000000000000000000000000
00000000000000000000000000000
00000000000000000000000000000
~~~~
N/A
2.095
8.79
27.67
2.000
1.039
1.500
N/A
14.59
50.47
4.74
