1722211026000110@@@@@@@@@@
12000000000000000000000001
00000000000000000000000022
00000000000000000000000023
00004100000000000046364635
00000000000000000000114620
0201010*010200000000000000
00000000000000000000004639
46404634464146424261811755
46544638464646474637000000
1722120000000000@@@@@@@@@@
26500315004882012015013202
27000315004012514016013200
24031343003915523014713100
15506112000000000004213200
26500113000000000000000000
25200046000000000000000000
29900516000000000000000000
29900013000000000000000000
19900113000000000000000000
~~~~
4.300
7.083
2.083
0.043
1.320
7.61
N/A
153.5
N/A
4.75
