1722119180000000@@@@@@@@@@
11009409000000000000000001
00000083074102069107066111
00000000000000000000000111
00004300000000000045994597
00000000000000000000094588
02020203020201000101010000
00000000000020200000004607
46034602460546064261811755
46004601460846124598000000
1611120000000000@@@@@@@@@@
26500315004882012015013202254
27000315004012514016013200000
24031343003915523014713100000
15505112000000000004213200000
26500113000000000000000000000
25200046000000000000000000000
29900516000000000000000000000
29900013000000000000000000000
~~~~
2.286
7.167
94.60
4.16
3.838
1.397
N/A
42.85
44.95
6.76
