1723511305520150@@@@@@@@@@
12112950000000000000000031
00000000000000000000000031
00000000000000000000000011
00005400000000000048940000
99999999999999999999094884
10070503020102030704020000
00000000000000000490514893
49034897490449054261811755
49064899490749014900000000
1611120000000000@@@@@@@@@@
00000000004891006024713200000
00000000000000000007513200000
00000000000000000000540300000
00000000000000000000000000000
00000000000000000000000000000
00000000000000000000000000000
00000000000000000000000000000
00000000000000000000000000000
~~~~
N/A
7.000
7.750
109.1
3.841
3.872
1.237
N/A
10.38
56.25
6.090
