1723611356220230@@@@@@@@@@
12000000000000000000000001
00000000000000000000000011
00000000000000000000000011
00004100000000000049404937
00000000000000000000094923
00000000000000000000000000
00000000000000000000004941
49424939494649474261811755
49364944495149484933000000
1611120000000000@@@@@@@@@@
27300312004841014044913200000
27600115004064030856641100000
22600216000000000000000000000
19991312000000000000000000000
29000216000000000000000000000
32800312000000000000000000000
22501115000000000000000000000
22601315000000000000000000000
~~~~
11.02
7.625
55.20
1.043
1.368
1.355
N/A
11.72
17.47
7.28
