1723811532630800@@@@@@@@@@
61000000000000000000000002
00000000000000000000000010
00000000000000000000000001
00004100000000000049995010
00000000000000000000094988
00000000000000000000000000
00000000000000000000005000
50014998500250054261811755
49975007501150155006000000
1611120000000000@@@@@@@@@@
15600013001990304015713200000
12400012000000000000741200000
22811112000000000000000000000
24611112000000000000000000000
11500022000000000000000000000
14800113000000000000000000000
11380112000000000000000000000
27400013000000000000000000000
~~~~
2.105
7.045
118.4
4.24
2.974
0.375
N/A
14.74
42.50
7.26
