1723711458120110@@@@@@@@@@
61000000000000000000000001
00000000000000000000000011
00000000000000000000000011
00004100000000000049644965
00000000000000000000094955
00000000000000000000000000
00000000000000006005004969
49744968497049724261811755
49664980498149824975000000
1611120000000000@@@@@@@@@@
39900016003171212008113200000
39900016004832013006513200000
22100110000000000000000000000
39900516000000000000000000000
39300013000000000000000000000
24200514000000000000000000000
37015116000000000000000000000
29900216000000000000000000000
~~~~
N/A
8.385
6.689
117.1
4.21
0.352
0.117
N/A
3.643
17.36
7.27
