1722311218000000@@@@@@@@@@
12000000000000000000000001
00000000000000000000000012
00000000000000000000000022
00004400000000000046704668
00000000000000000000094656
01000101010000000000000000
00000000000000000070044672
46654673468146824261811755
46794674468346884680000000
1611120000000000@@@@@@@@@@
33600116004345223036013200
22100343003213816064913200
34006112000922018034813200
14000114002211618002624100
11501013004820503010000000
26706145000000000000000000
12000040000000000000000000
21100120000000000000000000
~~~~
1.50
8.32
98.37
4.62
1.88
0.680
N/A
44.38
150.5
4.71
