1723210927220000@@@@@@@@@@
12000000000000000000000001
00000000000000000000000011
00000000000000000000000011
00004100000000000047914802
00000000000000000000114780
00000000000000000000000000
00000000000000000000000796
48004795479847994261811755
47944804480948054803000000
1611120000000000@@@@@@@@@@
24701123003914718027513200000
29531114004881709018113200000
12601113004613220034813200000
29900313000000000004213200000
23500125000000000000000000000
21800545000000000000000000000
00000000000000000000000000000
00000000000000000000000000000
~~~~
N/A
3.400
6.25
22.72
0.639
3.833
0.583
N/A
38.91
219.4
5.023
