1722411338000000@@@@@@@@@@
12000000000000000000000001
00000000000000000000000011
00000000000000000000000011
00004300000000000047224000
00000000000000000000094697
00000000000000000000000000
00000000000000006005004709
47084707471447134261811755
47234716473147244719000000
1722320000000000@@@@@@@@@@
33600116004345223036013200
22100343003213816064913200
34006112000922018034813200
14000114002211618042624100
11501013004820503010000000
26706145000000000000000000
12000040000000000000000000
21100120000000000000000000
11301341000000000000000000
~~~~
9.18
6.25
51.06
3.862
1.444
2.474
N/A
164.2
16.52
4.73
