1723110840120000@@@@@@@@@@
12000000000000000000000001
00000000000000000000000012
00000000000000000000000011
00004100000000000047674751
00000000000000000000094736
00000000000000000000000000
00000000000000006005004752
47534758475447554261811755
47494757476647644747000000
1611120000000000@@@@@@@@@@
30700021004032316025013204434
31500012004921210010555100000
30701022004741517016513200000
31000312004811310010000000000
30900230000000000000000000000
31500312000000000000000000000
22000116000000000000000000000
31500312000000000000000000000
~~~~
9.09
7.135
98.88
8.25
3.765
2.653
N/A
12.50
19.28
6.137
