1721111555000000@@@@@@@@@@
12111971951560740810760001
00000024919113310707408212
12712709007605705000000021
00004107606747303409260927
00000000010000000100100911
020102C3040402020202010000
0000000C000000000000130923
09290933093009314261811755
09220924093209360925000000
1711120000000000@@@@@@@@@@
39918522183933013055113200000
00000000023710304032641100000
00000000004840806026213200000
00000000064722012037413200000
00000000010000000006013200000
00000000010000000007613200000
00000000000000000000000000000
00000000000000000000000000000
00000000050000000000000000000
~~~~
N/A
5.125
6.147
2.000
0.527
3.333
1.157
N/A
37.42
17.65
5.100
