1723411129320000@@@@@@@@@@
12000000000000000000000002
00000000000000000000000011
00000000000000000000000011
00004100000000000048644863
00000000000000000000094854
00000000000000000000000000
00000000000000000000004765
48674871486948704261811755
48684872487548734866000000
1611120000000000@@@@@@@@@@
12800014004810503025013100000
13801112004024519026513200000
17800111003934823031955200000
39906115004944520054613200000
39900115000000000000000000000
39900115000000000000000000000
39900115000000000000000000000
26400015000000000000000000000
~~~~
11.08
7.250
103.5
4.08
3.000
7.95
N/A
8.79
81.12
5.673
