1732310000000000@@@@@@@@@@
00902231861560001561561552
15515519619219218918017801
15314714914815215200000002
00000002103202401546814682
97479473939792929392084668
01020405060801020406080000
00000000000000000000004677
46784690467946891327546890
46764688468546914686000000
1732220000000000@@@@@@@@@@
00000000004325317065000200
00000000005012915005900200
00000000004916017000000000
00000000004522113030000000
00000000004632911020000000
00000000000000000000000000
00000000000000000000000000
00000000000000000000000000
00000000000000000000000000
~~~~
5.250
6.613
28.57
1.860
1.19
1.357
N/A
1.778
19.44
6.184
