1732410000000000@@@@@@@@@@
00902302091841601781801752
17417128926526023222220001
13813914914514311400000002
00000007008303102147134713
96959796979695979698084700
01010608101101010202040000
00000000000000000000004714
47154710471647171325746890
47094724472347194722000000
1732320000000000@@@@@@@@@@
00000000004504212005000208003
00000000000000000008100200000
00000000000000000001000200000
00000000000000000000000000000
00000000000000000000000000000
00000000000000000000000000000
00000000000000000000000000000
00000000000000000000000000000
00000000000000000000000000000
~~~~
4.371
6.25
45.55
1.876
1.94
1.011
N/A
13.65
17.97
7.27
