1732510000000000@@@@@@@@@@
00902652182000841981941911
19U18925618417915413109733
19617013808808208100000032
00000018117202903347394738
97999174959590969595084728
01010102020601010204040000
00000000000000000000004740
47414737474247431327546890
47364752475347444751000000
1732420000000000@@@@@@@@@@
00000000003923122090541100
00000000000000000006900200
00000000003113007001124100
00000000000312506001224100
00000000004560202040000000
00000000000000000000000000
00000000000000000000000000
00000000000000000000000000
00000000000000000000000000
~~~~
9.02
6.588
9.60
0.600
3.917
1.113
N/A
1.93
11.20
6.189
