1733610000000000@@@@@@@@@@
00903042870000000000000001
00000022122016814414512633
10909810710009308500000032
00004300000000000049514952
91969697969497939797104937
00000000000000000000000000
00000000000000000000000000
00004949000000001327546890
49484953000049700000000000
1611120000000000@@@@@@@@@@
00000000060533914070151100000
00000000034512510004824100000
00000000023050203044713100000
00000000034810505005000200000
00000000030000000007613100000
00000000060000000000000000000
00000000070000000000000000000
00000000050000000000000000000
~~~~
N/A
N/A
6.22
9.78
1.304
3.787
0.104
N/A
159.8
93.33
6.095
