1732610000000000@@@@@@@@@@
00902812492222202202192091
19516525824023720419316000
22122018915613011400000000
00000010409302102447794780
97979898969796969595094758
01010303030303030202010000
00000000000000000000004769
47704778477247731327546890
47684784478347754785000000
1732520000000000@@@@@@@@@@
00000000170000000000141108001
00000000104581612035700200000
00000000114914816002600200000
00000000143914944005000200000
00000000080000000000000000000
00000000150000000000000000000
00000000000000000000000000000
00000000000000000000000000000
00000000000000000000000000000
~~~~
5.400
8.029
10.00
4.10
1.208
7.73
N/A
95.68
16.14
6.706
