1731110000000000@@@@@@@@@@
00901701530000000000000001
00000015214814414013813734
14800000000000000000000034
00000000000000000045784572
00000000000000000000104559
01010101010102030303030000
00000000000000000000004574
45754570000000001327546890
45694584498545764583000000
1721120000000000@@@@@@@@@@
32800312094573209016913221834
22800143094625517031825100000
32500316092212213011013200000
29900116070000000000541100000
31500112090000000005713200000
34111113090000000000000000000
22300146100000000000000000000
33006115090000000000000000000
11800112090000000000000000000
~~~~
11.11
6.25
27.50
1.034
0.670
0.721
N/A
71.66
220.3
7.29
