1733410000000000@@@@@@@@@@
00902882981761751711711702
17016930428528531826722501
21430731231931929700000001
00000019918201603000030004
96979596969594938897090017
01010101020201010102020000
00000000000000000000000005
00060002000700081327546890
00010015001600120014000000
1611120000000000@@@@@@@@@@
00000000002053431710500200000
00000000004455251002000000000
00000000002311451900000000000
00000000001000000000000000000
00000000002000000000000000000
00000000001000000000000000000
00000000002000000000000000000
00000000003000000000000000000
~~~~
N/A
6.200
6.23
2.500
4.01
N/A
N/A
N/A
14.56
158.2
6.679
