1732110000000000@@@@@@@@@@
00900991511241241241241251
12512511408508007507307422
10505905504704704400000022
00000001702308710246054606
17302322737223172372124590
01010203030401010103060000
00000000000000000000004607
46084604460946111327546890
46034618462046134619000000
1722320000000000@@@@@@@@@@
33600116004345223036013200000
22100343003213816064913200000
34006112000922018034813200000
14000114002211618042624100000
11501013004820503010000000000
26706145000000000000000000000
12000040000000000000000000000
21100120000000000000000000000
11301341000000000000000000000
~~~~
6.909
6.632
29.82
1.143
2.478
1.042
N/A
13.38
16.40
6.76
