1732210000000000@@@@@@@@@@
00901691481281301301311311
13313014406304303602302133
04805605304204002900000032
00000007007033033146364637
67705637383851313933094623
01000101010101010202020000
00000000000000000000004640
46414635464246431327546890
46344652465446444651000000
1732120000000000@@@@@@@@@@
00000000213916719005000200
00000000174381407036900200
00000000234510703005900200
00000000244905617008100200
00000000180000000000000000
00000000180000000000000000
00000000200000000000000000
00000000190000000000000000
00000000200000000000000000
~~~~
11.19
8.32
24.54
1.226
1.57
1.156
N/A
12.53
15.31
6.108
