1743211150230000@@@@@@@@@@
61102642092192262140000002
00000031025323319619617401
21620319617916815200000020
00004135804200001715501551
99995699999999999999091541
00000000000000000000000000
00000000000000000000001552
15531556155415555492175710
15571562156515671564000000
1611120000000000@@@@@@@@@@
26000116303124115078100208134
00000000000931605036500200000
00000000004651315025000200000
00000000000000000007400200000
00000000000000000004900200000
00000000000000000000000000000
00000000000000000000000000000
00000000000000000000000000000
~~~~
N/A
6.133
7.068
110.2
8.29
1.188
1.402
N/A
7.37
44.52
6.221
