1743311257240000@@@@@@@@@@
12102442440000870860000001
00000013011208805803601623
20211309207606905800000041
00004411511601700515821583
45465278189947784569091573
05050500000005050000000001
00000000000000000080081584
15851590158615875492175710
15911589159615931588000000
1611120000000000@@@@@@@@@@
00000000004393718027500208033
00000000000000000006500208002
00000000000000000007400200000
00000000000000000008100200000
00000000000000000000000000000
00000000000000000000000000000
00000000000000000000000000000
00000000000000000000000000000
~~~~
2.250
6.617
186.9
7.87
1.300
3.93
N/A
9.623
211.9
4.667
