1743511502230220@@@@@@@@@@
12102582521711821601540001
00000027827225423821218812
20420016514912612300000014
00004122228700301716441645
99999999997762886999091635
00000000000000000000000000
00000000000000000000001646
16471656164916505492175710
16581652165516631651000000
1611120000000000@@@@@@@@@@
12000026044371312044900200
12600122174634114006900200
00000000000000000003700200
00000000000000000000000000
00000000000000000000000000
00000000000000000000000000
00000000000000000000000000
00000000000000000000000000
~~~~
5.375
6.528
44.24
1.095
2.101
2.079
N/A
N/A
99.04
6.241
