1742511553000000@@@@@@@@@@
30102532511932021541521502
14814827024621218615914201
21419017013012511800000002
00004*01201100300710071493
99999999999930867246091*83
00000000000000000000000000
00000000000000000000001494
14961499149714985492175710
15001504150815061503000000
1742420000000000@@@@@@@@@@
31000022114043213041024200
00000000004543317055724200
00000000003121813110000000
00000000000000000000000000
00000000000000000000000000
00000000000000000000000000
00000000000000000000000000
00000000000000000000000000
00000000000000000000000000
~~~~
9.01
8.89
9.44
0.507
2.882
0.667
N/A
7.92
152.1
6.181
