1742211330000000@@@@@@@@@@
61102402371131321141141141
11411422522021020317817103
19819419118117216200000011
00004302702100902513991401
99999999999999999999101389
30404040404040404040400102
02020201000101011801801402
14041407140514065492175710
14081411140914131410000000
1742120000000000@@@@@@@@@@
31616116014332813041013200
00000000000832009046524200
00000000003113812235024200
00000000002234019030000000
00000000000000000000000000
00000000000000000000000000
00000000000000000000000000
00000000000000000000000000
00000000000000000000000000
~~~~
6.556
6.25
51.16
1.821
1.448
1.022
N/A
10.00
144.2
6.202
