1743411401210230@@@@@@@@@@
12102032021441351411391392
13200020822820319716816001
18217616214813713200000013
00004100118100500916131615
99999970993180996799091599
00000000000000000000000000
00000000000000000000001616
16171618161916205492175710
16241614162116301610000000
1611120000000000@@@@@@@@@@
29700015254944513088100200000
00000000004642515094900200000
00000000004321513011000200000
00000000000000000007400200000
00000000000000000006500200000
00000000000000000000000000000
00000000000000000000000000000
00000000000000000000000000000
~~~~
5.083
6.607
27.67
1.619
2.905
2.110
N/A
30.37
153.6
7.26
