1742311423000250@@@@@@@@@@
61102322261781711740000002
00000022824023923021219600
20820620019619418600000002
00004129629300502714331434
99999965999999999999091422
00000000000000000000000000
00000000000000000000001435
14361439143714385492175710
14401441144314481442000000
1742120000000000@@@@@@@@@@
31616116014332813041013200
00000000000832009046524200
00000000003113812235024200
00000000002234019030000000
00000000000000000000000000
00000000000000000000000000
00000000000000000000000000
00000000000000000000000000
00000000000000000000000000
~~~~
6.750
6.24
24.65
0.583
2.261
1.017
N/A
96.79
58.33
6.196
