1743110940000250@@@@@@@@@@
12101911891391421381071352
00000020016214814214114001
15615214213713713700000003
00004101403201001315251526
99999974120899999999091516
00000000000000000000000000
00000000000000000000001527
15281531152915305492175710
15321533153815361539000000
1611120000000000@@@@@@@@@@
20300326004630101040551408033
00000000004540906045002000000
00000000003933722077400200000
00000000000000000006900200000
00000000000000000004900200000
00000000000000000003700200000
00000000000000000006500200000
00000000000000000000000000000
~~~~
5.500
6.578
56.25
1.735
2.628
1.258
N/A
98.63
163.2
6.201
