1741111602000000@@@@@@@@@@
11102322161511561511511511
00000014615205615314215620
12212812612612412200000011
00004402401801600313221330
11141709067011411411091313
20202020202020202020200202
02030304080104030150151331
13321339133313345492175810
13401336133713451335000000
1611120000000000@@@@@@@@@@
24300310064531112045024201144
19916226034831207037424208002
00000000004041611026524200000
00000000000000000001024200000
00000000000000000000552100000
00000000000000000000000000000
00000000000000000000000000000
00000000000000000000000000000
~~~~
4.420
7.063
84.55
3.860
2.371
N/A
N/A
3.19
57.41
4.677
