1742411501000150@@@@@@@@@@
61102622591791711601331272
12500025225124019618817231
19319018618217617200000031
00004100300513715014621463
99999999999999999999991453
00000000000000000000000000
00000000000000006000001464
14651468146614675492175750
14701471147214781469000000
1611120000000000@@@@@@@@@@
31000022114043213041024200000
00000000004543317055724200000
00000000003121813110000000000
00000000000000000000000000000
00000000000000000000000000000
00000000000000000000000000000
00000000000000000000000000000
00000000000000000000000000000
~~~~
4.400
6.188
193.1
7.99
2.833
0.732
N/A
10.73
54.54
6.84
