1742111055000130@@@@@@@@@@
12101981001381311280000001
00000020617212212010609841
12210309109208507800000001
00004100400202002313671368
16066963696952690105111356
00000000000000000000000000
00000000000000000000001369
13701374137113725492175710
13781375137913811376000000
1742220000000000@@@@@@@@@@
22600322023111811531955122
24311316020311108056524200
00000000002212708045024200
00000000004533918071013200
000000000037*1102010000000
00000000000000000000000000
00000000000000000000000000
00000000000000000000000000
00000000000000000000000000
~~~~
5.333
6.045
21.81
0.530
2.189
1.133
N/A
11.54
17.12
7.37
