1752511405000280@@@@@@@@@@
00962370001851831570000001
00000036336834229031225801
00000000000000000000000093
00004100000002902842010000
99999999999999999999094192
00000000000000000000000000
00000000000000000000004292
42034206420442051547846391
42074212421342154214000000
1752420000000000@@@@@@@@@@
18400042024934825013913100000
25300022024531109045100200000
26500022033923421058100200000
26400026014821219066000200000
27700026010000000000000000000
15500012010000000000000000000
06000026020000000000000000000
26000022010000000000000000000
25000022000000000000000000000
~~~~
2.408
6.22
20.76
0.167
0.667
1.333
N/A
39.54
214.6
6.205
