1753111025210150@@@@@@@@@@
30962682211611600000000001
00000024321819816716815221
15914813112111311000000011
00004401702701101543085309
99999999998578559399094299
03010101010000000101000100
01000000000000000270204311
43124310431343142547846391
43154318433043164319000000
1611120000000000@@@@@@@@@@
26000142024331516023900200000
23300143023210809048100200000
13500520040911714035000200000
25300025034920510091000200000
23300242044621621070000000000
16400321022510612110000000000
16200145010000000000000000000
15900523020000000000000000000
~~~~
N/A
9.21
6.031
10.00
9.27
2.571
0.602
N/A
13.70
17.66
6.009
