1752110927000000@@@@@@@@@@
00961191211070001080000001
00000009807205705405304822
07906105805705705600000013
00004400000001100041074097
08091011121919191922074089
05020203030300000000000706
04000000000000000360974098
40994096410041011547846391
41024109410841034112000000
1712420000000000@@@@@@@@@@
22800115054913818076513200000
00000000004530806087613200000
00000000004310906205713200000
00000000003214515155113200000
00000000050542317050000000000
00000000000000000000000000000
00000000000000000000000000000
00000000000000000000000000000
00000000000000000000000000000
~~~~
N/A
6.444
6.558
9.74
0.750
0.643
1.182
N/A
40.04
12.53
6.538
