1752411330000130@@@@@@@@@@
00962421872543030000000001
00000022821219915914413713
19019819619017617200000013
00004100000002501541814182
99999999999999999999094168
00000000000000000000000000
00000000000000000000004177
41704183417941801547846391
41854190419141874189000000
1752320000000000@@@@@@@@@@
00000000004830808035000200000
00000000004720403027400200000
00000000004311612106500200000
00000000000921110044800200000
00000000003121609075900200000
00000000000000000004720100000
00000000000000000000000000000
00000000000000000000000000000
00000000000000000000000000000
~~~~
8.286
6.25
9.73
0.23
2.235
0.615
N/A
37.86
17.65
6.015
