1753211350530220@@@@@@@@@@
30001982342090002080000001
00000023017814011610710212
20019616716214813600000011
00004101800002900043844385
88999999869999994350084376
02010202020200000000000000
00000000000000000000004387
43884386438943902547846391
43934398439943944400000000
1611120000000000@@@@@@@@@@
00000000000924820131000204434
00000000004820404015000208002
00000000003225018120000000000
00000000004624423020000000000
00000000004711517200000000000
00000000002212919240000000000
00000000000000000000000000000
00000000000000000000000000000
~~~~
6.533
6.24
9.51
0.568
2.824
1.336
N/A
153.2
217.4
7.25
