1752311109000000@@@@@@@@@@
30962161802041990000000001
00000012009207605605405611
05804904805005005100000012
00004100000001000641484149
99992360999999999999094138
00000000000000000000000000
00000000000000000000004152
41534150415441551547846123
41514162416341564164000000
1752220000000000@@@@@@@@@@
13300022041812020140000000
15500022023121713050000000
13500035024841311040000000
16400020040921019020000000
13700020000211413090000000
16000020010000000000000000
01500141010000000000000000
14000141010000000000000000
14400143010000000000000000
~~~~
11.15
6.587
4.615
0.25
2.325
3.500
N/A
32.04
157.4
6.750
