1753411225550230@@@@@@@@@@
11962322321281251221200001
00000016013913812410810211
17413710609809509200000032
00004101002302302043564357
33493740549999879999094347
03010201010001030403020000
00000000000000000000004360
43614358436243622547846391
43594373437443674372000000
1611120000000000@@@@@@@@@@
25300112064731518025900200000
25516053043223825271000200000
25000012044922420127400200000
14600113034831816100000000000
27900144040000000000000000000
29500115040000000000000000000
23800115150000000000000000000
24016012020000000000000000000
~~~~
N/A
6.833
8.77
7.83
0.23
0.10
1.500
N/A
0.496
13.33
4.568
