1752711447000000@@@@@@@@@@
12962770002282340000000001
00000022120116513612410231
20420420318717516900000023
00004200000002302442324241
99999999999999999999084218
00000000000000000000000000
00000000000000000000004228
42294233423042311547846391
42344239424242434240000000
1752620000000000@@@@@@@@@@
00000000004725220158100200000
00000000004923917220000000000
00000000003111213020000000000
00000000001732312050000000000
00000000004320503060000000000
00000000000000000000000000000
00000000000000000000000000000
00000000000000000000000000000
00000000000000000000000000000
~~~~
6.250
6.23
7.778
0.23
3.878
1.400
N/A
12.41
152.1
6.210
