1752611525000000@@@@@@@@@@
00962651562212030000000002
00000030527623421018717223
19119319017015515200000023
00004100000000400642644267
99999999999999999999114246
00000000000000000000000000
00000000000000000000004258
42594268426142622547846391
42634274427642654275000000
1752520000000000@@@@@@@@@@
00000000004821107061100200000
00000000003940702026500200000
00000000004720504080000000000
00000000004620403060000000000
00000000000000000000000000000
00000000000000000000000000000
00000000000000000000000000000
00000000000000000000000000000
00000000000000000000000000000
~~~~
4.111
6.24
9.68
0.507
1.94
1.347
N/A
6.26
152.8
6.618
