1762811550000152@@@@@@@@@@
61000000000000000000000002
00000000000000000000000000
00000000000000000000000002
00004100000000000029040000
00000000000000000000102894
00050709091007080809100000
00000000000000000000002909
29102905291129128152151740
29062913291529070000000000
1762720000000000@@@@@@@@@@
00000000004392310021900200000
00000000000000000005000200000
00000000000000000007400200000
00000000000000000008100200000
00000000000000000000500600000
00000000000000000000000000000
00000000000000000000000000000
00000000000000000000000000000
00000000000000000000000000000
~~~~
9.07
N/A
N/A
N/A
0.120
4.04
N/A
N/A
N/A
6.581
