1762711510000282@@@@@@@@@@
12752522281711741661551541
15315322122020619017115442
00000000000000000000000041
00005109010205606228810000
10101010101010101010082872
05020304040504040404040000
00000000000000000000000085
28822880288328848152151740
28862889289028870000000000
1762620000000000@@@@@@@@@@
21800322084393013028100204
00000000000000000004200200
00000000000000000005000200
00000000000000000006500200
00000000000000000000521100
00000000000000000000000000
00000000000000000000000000
00000000000000000000000000
00000000000000000000000000
~~~~
9.03
N/A
N/A
N/A
2.800
3.81
N/A
N/A
N/A
6.566
