1762210955000182@@@@@@@@@@
11751481441101131071071071
10710617315211811210209732
13312511610007807500000031
00005127630104706327582759
09020202080101010701092743
05010101010201010102020202
03030400000101010000002754
27522760275527568152151740
27572763276427610000000000
1762120000000000@@@@@@@@@@
10500313594370805016900200
00000000004621006018100200
00000000003912006117500200
00000000000000000005000200
00000000000000000008100200
00000000000000000006500200
00000000000000000000000000
00000000000000000000000000
00000000000000000000000000
~~~~
5.385
N/A
N/A
N/A
0.08
3.84
N/A
N/A
N/A
6.78
