1761111600000152@@@@@@@@@@
30751851790000000000000001
00000000000000000000000012
00000000000000000000000001
00004000000000000026842685
00000000000000000000082671
07020303050603040505060000
00000000000000000000002679
26802683268226818152151740
26882692269126862689000000
1751120000000000@@@@@@@@@@
00000000004730811055023104
00000000003010504128113101
00000000003621316034900200
00000000004822017081000200
00000000002211610143700200
00000000003910909180000000
00000000000000000000000000
00000000000000000000000000
00000000000000000000000000
~~~~
4.324
8.75
9.57
0.053
0.283
7.97
N/A
14.07
164.2
7.28
