1762611440000222@@@@@@@@@@
12752172011561511541511512
15215323522822221320519501
16015715415114314000000002
00004122330501201628662867
01020410101010101010092850
00010304060702030307100000
00000000000000000000000059
28602865286128628152151740
28682870287128630000000000
1762520000000000@@@@@@@@@@
28000023074383113016500200000
00000000005017819014900200000
00000000003911007005000200000
00000000000000000000000000000
00000000000000000000000000000
00000000000000000000000000000
00000000000000000000000000000
00000000000000000000000000000
00000000000000000000000000000
~~~~
6.667
N/A
N/A
N/A
1.95
3.88
N/A
N/A
N/A
6.673
