1763411215310222@@@@@@@@@@
12752242081621641651711712
17117218813312411109908622
16313811510109208600000001
00004108808802301829932994
10040603050410091010112981
00000000000000000000000000
00000000000000000000002995
29962994499729987152151400
30013002300432999300300000
1611120000000000@@@@@@@@@@
15000016064391512016000200000
00000000004510811088100208002
00000000004810302065000200000
00000000000000000000000000000
00000000000000000000000000000
00000000000000000000000000000
00000000000000000000000000000
00000000000000000000000000000
~~~~
N/A
9.13
6.550
26.19
4.56
1.282
3.52
N/A
94.90
222.5
6.132
