1763311335000002@@@@@@@@@@
12752422401551571551561551
15515520814012509208207022
15412911710008907700000001
00004107507701201430203021
06020205100303040509103009
00000000000000000000000000
00000000000000000000003023
30243019302530567152151400
30223030303130273032000000
1611120000000000@@@@@@@@@@
14000023034362615010131100000
00000000004111514006000200000
00000000001316314007400200000
00000000004820302012600200000
00000000000000000005000200000
00000000000000000004724100000
00000000000000000005724100000
00000000000000000000000000000
~~~~
6.842
8.37
10.00
0.23
0.10
8.06
N/A
159.2
214.5
7.28
