1762411230000162@@@@@@@@@@
30752021621281371271251231
12212322520417711810910512
15214212811010109300000001
00004309413604803728062805
03020303101003020304102814
04020303050602040506070101
02030300010102021200802800
28012804280228038152151740
28072810281128080000000000
1762320000000000@@@@@@@@@@
27000013074360503016500204144
00000000000730809027600200000
00000000003112709025000200000
00000000000000000008100200000
00000000000000000000000000000
00000000000000000000000000000
00000000000000000000000000000
00000000000000000000000000000
00000000000000000000000000000
~~~~
5.136
N/A
N/A
N/A
1.286
1.324
N/A
N/A
N/A
6.580
