1763110930000172@@@@@@@@@@
30752051791291281321321321
13213218615312510610310022
11311010510209909900000001
00004408407901802029262937
10020103041008050204072924
03010101020202020102020102
02030202020303020450302931
29322935293432934715215145
29382942429432940294400000
1611120000000000@@@@@@@@@@
26000113073223520125700204434
00000000004371615025000208033
00000000004610302006500200000
00000000000000000007400200000
00000000000000000008100200000
00000000000000000001900200000
00000000000000000007500200000
00000000000000000000000000000
~~~~
N/A
4.444
6.628
24.00
0.550
2.488
8.31
N/A
13.56
212.9
7.26
