181341141539000@@@@@@@@@@@
1210@@@108096094096@94@@@1
@@@@@@@@@@@@@@@@@@@@@@@@32
112102@94@87082076@@@@@@20
@@@@44040010@@@@@@@@@@0266
09111709131720141715090249
02020304050502020304040101
03050403020101010360350262
02630261027402656912170574
026002670271027202690270@@
1813420000000000@@@@@@@@@@
36016155055054818095000201
37443516014630809065700200
35111544013221413056500200
23038016010000000007600200
21400144010000000005900200
24700515010000000000000000
00000000000000000000000000
00000000000000000000000000
00000000000000000000000000
~~~~
6.615
9.04
4.66
0.09
1.61
3.65
0.04
11.58
4.615
6.057
