1822511235240000@@@@@@@@@@
11101180960911090890880851
00000019819016514212611643
11208407206806205500000032
00004101201100000002230231
98352128994337569698090212
00000000000000000000000000
00000000000000000000000225
02260222022702281814772500
02270232023302290234023500
1822520000000000@@@@@@@@@@
04530516194360814034200201
04700015085021007045900200
05246212124611616025000200
09996123003113815041000200
03100215041801507993900200
01921013190000000000000000
01800513160000000000000000
01431313120000000000000000
02800125270000000000000000
~~~~
6.571
6.694
5.15
0.167
1.60
1.373
0.105
9.54
18.60
6.222
