1823710841270000@@@@@@@@@@
00101000980820830800790000
00000000000000000000000000
00000000000000000000000000
00004134634100000000000000
38343261386483583732110307
05030506000004040600000000
00000000000000000000000319
03200000032103221614662500
03180326032503230328032700
1823720000000000@@@@@@@@@@
14700214310000000000000000
13400116310000000000000000
16700023230000000000000000
12500015270000000000000000
12711316310000000000000000
12700015270000000000000000
12400223310000000000000000
12200054160000000000000000
12300014130000000000000000
~~~~
N/A
9.14
3.33
0.600
4.19
4.01
0.145
10.06
5.714
N/A
