183311082532011@@@@@@@@@@@
30990580570710720680643591
05605106306005805705705632
054046042041040040@@@@@@20
@@@@4110920201302643174318
03030303040404020403094306
4007111724330416242933@@@@
@@@@@@@@@@@@@@@@9999994319
43204316432143223489751620
431543314332432343294330@@
1833120000000000@@@@@@@@@@
00000000004073226015700200000
00000000004522823096500200000
00000000004910101997400200000
00000000000000000004700200000
00000000000000000000141100000
00000000000000000000000000000
00000000000000000000000000000
00000000000000000000000000000
00000000000000000000000000000
~~~~
N/A
11.05
9.11
4.96
0.225
4.45
8.18
0.133
11.68
10.66
7.29
