183221101300000@@@@@@@@@@@
12990600580650670650640611
06005803502702602502502532
032028022017016015@@@@@@20
@@@@4100000201800941624163
11090101030101010101094149
4008192330350509101424@@@@
@@@@@@@@@@@@@@@@9999994158
41594164416041613489751620
416541664171417241674174@@
1832220000000000@@@@@@@@@@
31000344274352523056000200000
00000000004811318990000000000
00000000004915018990000000000
00000000000000000000000000000
00000000000000000000000000000
00000000000000000000000000000
00000000000000000000000000000
00000000000000000000000000000
00000000000000000000000000000
~~~~
N/A
2.333
9.06
6.44
0.12
2.933
3.64
7.01
10.84
19.93
5.676
