183111161993017@@@@@@@@@@@
1299@@@0480321310318818301
@@@@@@@@@@@@@@@@@@@@@@@@21
048049043034032031@@@@@@11
@@@@5102001011405641024101
04040414161006081414134084
05050810172005031222180101
01010201030404030150154100
41034108410541063489751620
409741104111411241094114@@
1831120000000000@@@@@@@@@@
39916316164391917037600200000
03010324243910807990700200000
00000000004812825091020200000
00000000003111623990000000000
00000000000000000000000000000
00000000000000000000000000000
00000000000000000000000000000
00000000000000000000000000000
00000000000000000000000000000
~~~~
8.750
9.03
145.6
0.174
3.908
7.51
8.72
10.85
13.91
6.157
