183321093972000@@@@@@@@@@@
61991181151010990950910902
08908711009108508007607400
136104096089081075@@@@@@00
@@@@4110309804303143454345
43433237454347515348084335
400411171923@413192329@@@@
@@@@@@@@@@@@@@@@9999994347
43484344434943503489751620
434343584359435443564357@@
1833220000000000@@@@@@@@@@
21000343043985223038100200000
20500023041730503017500200000
30500026024810701010100200000
00000000004510301024823100000
00000000000000000007400200000
00000000000000000007600200000
00000000000000000003900200000
00000000000000000004700200000
00000000000000000000000000000
~~~~
N/A
4.333
9.01
196.2
0.08
0.107
1.155
8.69
603.1
525.5
6.078
