1843511601390000@@@@@@@@@@
12150001680900930830800001
00000000000000000000000032
14012611610609809300000020
00004100000000100419631964
79525099575765828099101948
01000001020300000101010000
00000000000000000000001965
19661968197019715941172780
19691958196219721960196100
1843520000000000@@@@@@@@@@
20600022004521810101000200000
20300015003010409155700200000
20800013004724117073900200000
20200031004624518057400200000
20400016000000000000000000000
10300021000000000000000000000
20400015000000000000000000000
20300014000000000000000000000
20300345000000000000000000000
~~~~
N/A
1.46
9.20
6.14
0.656
1.265
1.432
0.319
9.95
44.17
4.75
