1843411501590000@@@@@@@@@@
30150001430940860920910891
08908700000000000000000032
13813513613211611000000020
00004100000002401819321933
40332643294622368181091918
01000202050700010204060000
00000000000000000000001936
19371934193819395841172780
19351928193119401929193000
1843420000000000@@@@@@@@@@
34000015994934013105000200000
21800015953923519154700200000
21500015754514513120151400000
39911016994722419034600200000
39931112990910506056500200000
39021110990000000006000200000
28511110990000000000900200000
29921005990000000005200200000
29911010920000000007600200000
~~~~
6.880
5.900
194.7
0.13
1.283
2.381
0.05
651.1
19.45
6.220
