1843110909380000@@@@@@@@@@
61150001370930930930000001
00000000000000000000000021
09308408207807807700000021
00004100000000200318241825
99999590979999999999101809
01000102010100010102020000
00000000000000000000001828
18291826183018315941172780
18271020182318321821182200
1843120000000000@@@@@@@@@@
14000053543113114105000208174
22500022564732812030600200000
29900012210822308158100200000
13000014070922010054700200000
21500022080000000005700200000
22500054050000000004600200000
21080035020000000000000000000
23800114230000000000000000000
15400132020000000000000000000
~~~~
4.441
9.08
4.47
0.603
1.191
4.25
0.112
596.8
7.273
6.174
