1862711505210000@@@@@@@@@@
62001750000000000000000001
00000025522916012409609544
13012912511410710200000032
00005100000001501601630164
95838996907634406781110144
00000000000000000000000000
00000000000000000000000155
01560165016101621974852060
01660169017301760158015900
1862720000000000@@@@@@@@@@
00300043120000000005913201
00200022130000000000000000
00500045040000000000000000
00300022110000000000000000
00000000000000000000000000
00000000000000000000000000
00000000000000000000000000
00000000000000000000000000
00000000000000000000000000
~~~~
11.04
9.08
5.54
0.23
2.073
N/A
0.05
10.68
17.89
6.507
