1862811545210000@@@@@@@@@@
61991660001351181230000002
00000027526523822119717000
00000000000000000000000000
00004120320102402501970198
54627173818280678279110179
00000000000000000000000000
00000000000000000000000190
01910196019201941974852060
01950199020202040201020000
1862820000000000@@@@@@@@@@
15050045220000000006013208134
24200145070000000000000014007
24800043010000000000000000000
13800014130000000000000000000
12800143110000000000000000000
00000000000000000000000000000
00000000000000000000000000000
00000000000000000000000000000
00000000000000000000000000000
~~~~
N/A
2.267
9.09
7.14
0.25
2.839
N/A
0.05
11.31
19.58
6.209
