1862211021210000@@@@@@@@@@
11990760750000740940000001
00000006504904604404304121
05705405304504304100000021
00004301101522028000550056
10101418201612141011120043
04020202020301020202030823
21295311102222560000000057
00580063005900611974852030
00620071007300760072007400
1862220000000000@@@@@@@@@@
27000141123919533086013201434
26000141044316127003313200000
26300146084820705015913200000
13000146000000000000000000000
11800345160000000000000000000
26800145020000000000000000000
00000000000000000000000000000
00000000000000000000000000000
00000000000000000000000000000
~~~~
N/A
2.250
9.11
4.19
0.25
3.714
N/A
0.05
11.78
19.25
6.013
