1912311509220000@@@@@@@@@@
30502822612582510000000001
00000020318213209808506844
19318617314011209600000032
00004100000002001203380337
08061112131106071405110319
00000000000000000000000000
00000000000000000000003331
03320335033303342141611578
03300947035003450349034800
1912320000000000@@@@@@@@@@
39946015023932411050511101
25000023054860303025000222
00000000000610503010900202
00000000000000000007500204
00000000000000000001224100
00000000000000000001624100
00000000000000000000000000
00000000000000000000000000
00000000000000000000000000
~~~~
11.05
6.633
49.09
1.467
1.400
1.292
0.304
41.14
15.82
6.719
