1913111023391310@@@@@@@@@@
11507091090790730000000001
00000010309809108607907522
10209809208508007200000010
00004329018000601203810382
06070507060804090706110362
00000000000000000000000505
03040606040705070400310374
03750395037603772141601578
03730398039903920397039600
1913120000000000@@@@@@@@@@
11500102013230707020741108003
22000313034725216025000201234
11000210014850806034700203234
37300515060000000000541100000
13000064020000000006500200000
22500116040000000007400200000
31500213070000000000000000000
12031043080000000000000000000
11400110010000000000000000000
~~~~
N/A
9.01
5.93
9.06
0.23
0.640
3.67
0.114
44.62
246.6
7.30
