1913311336391000@@@@@@@@@@
12501111091121131230000001
00000011410709909107506722
10009709509209109000000011
00004100000001702704970499
03020405040302030203120470
00000000000000000000000000
00000000000000008004000500
05010512050205032147501578
04830516051705100514051300
1913320000000000@@@@@@@@@@
12000213014891375036941107001
21400313024734724053741101154
33017021064523723071855103002
11071011073211211013924100000
11271110030000000005000200000
11400343010000000005100200000
32111264010000000008100200000
11721116040000000000000000000
22700121020000000000000000000
~~~~
8.400
5.650
22.66
0.550
0.91
7.60
0.050
42.13
567.9
6.071
