1912211245220160@@@@@@@@@@
61502402311311290000000002
00000021320519918516914600
19219311210709708600000000
00004103005005200302960297
05040406050405070807100281
00000000000000000000000000
00000000000000000000000292
02930305029402952141611578
02910306030903030308030700
1912220000000000@@@@@@@@@@
00000000004852309021955104454
00000000003112108012600201005
00000000004736110037500203631
00000000000912010071524122031
00000000000000000008100200000
00000000000000000004700200000
00000000000000000006500200000
00000000000000000001855100000
00000000000000000005000200000
~~~~
N/A
11.03
8.27
43.63
1.968
1.464
1.236
0.040
151.0
15.94
5.659
