1913211223391210@@@@@@@@@@
33507061040730770690680001
00000010610510310310210243
10610610410310210200000032
00004105087000200509360440
02020102010204010202120414
00000000000000000000000000
00000000000000009999990428
04310441043204332191601578
04270451045204460449044800
1913220000000000@@@@@@@@@@
11500175074881013015000203034
22000343062814119034700204434
12200515030711110010141100000
10800110020000000006500200000
31200263010000000004200200000
14700112030000000005100200000
23000342080000000001800200000
21000163010000000007500200000
12000110020000000000000000000
~~~~
3.136
6.653
98.66
3.846
2.981
8.01
0.264
94.60
252.4
6.238
