1912111122000130@@@@@@@@@@
30502522511611621190000001
00000025422619718016215543
12111010409608407600000032
00004100000000000002660267
09050507110911111210110246
00152537589999583625170000
00000000000000000000000260
02700259026402632141611578
02580276027302710275027400
1912120000000000@@@@@@@@@@
21500315020842414027400222
16000103054831111028100208
21000113014024014085900201
21500112010913013023900204
12000113070000000005000209
23000114030000000001855100
32500802060000000001224100
21500013030000000004700200
12000113020000000004800200
~~~~
9.10
6.649
47.69
3.250
1.342
3.58
0.039
93.87
15.54
6.250
