1923211025390000@@@@@@@@@@
30900001290790000000000001
00000000000000000000000032
07903201901300600100000001
00004309200001000000004019
02020201010201020103104009
00000000000000000000000000
00000000000000000000004024
40254031402640276141352798
40284021403240294023402200
1923220000000000@@@@@@@@@@
37053322064019900007603200000
37200123084840805038103200000
00000000003235715020000000000
00000000000000000000000000000
00000000000000000000000000000
00000000000000000000000000000
00000000000000000000000000000
00000000000000000000000000000
00000000000000000000000000000
~~~~
3.184
5.89
8.47
0.16
0.363
0.072
0.253
10.74
612.8
6.068
