1922311307220270@@@@@@@@@@
30992422320120800000000001
00000017715808807405303212
17014712608102700900000023
00004404402402904139203921
26273041425333272223093910
01010101000000000000000000
00000000000000000030043927
39283933392939306141352798
39323923392639343925392400
1922320000000000@@@@@@@@@@
32000123034336719043703204
00000000000924617125003200
00000000004821105011003200
00000000000311212026503200
00000000003211920095903200
00000000002212729007413100
00000000000000000008103200
00000000000000000000000000
00000000000000000000000000
~~~~
3.125
5.97
20.24
0.573
2.952
3.360
0.108
33.19
150.0
6.099
