1920211722000110@@@@@@@@@@
30931671591090001080000001
00000008006605204403703543
07206505604503403200000032
00004325000000000229212915
00000000000000000000112899
10020203050606060606070606
07080600000000005280002919
29202910291629173778112244
29112924292829122925292700
1920220000000000@@@@@@@@@@
13816114115029914055000200000
00000000134710705537400200000
00000000090964117060555100000
00000000113111413081000200000
00000000150000000006900200000
00000000120000000001524100000
00000000110000000000000000000
00000000110000000000000000000
00000000120000000000000000000
~~~~
1.43
5.99
40.64
8.37
2.760
0.553
2.16
185.2
213.7
4.72
