1921111615210340@@@@@@@@@@
30992502250270310250230001
00000026223320112909205943
14011105003201500500000031
00004103805904108738143815
00000000000000000000123800
00000000000000000000000000
00000000000000000000003835
38363829383738386141352798
38343818381938393821382000
1921120000000000@@@@@@@@@@
36051122204017013003703208
21000032124842714056503200
31000123202223015017603200
00000000003175222083903200
00000000003926324096003200
00000000000000000008103200
00000000000000000007503200
00000000000000000001003200
00000000000000000005903200
~~~~
9.03
5.700
29.47
1.348
0.322
3.75
0.122
48.18
17.51
6.178
