1922211159210160@@@@@@@@@@
30992262161261161070000001
00000016513110509608107552
14011008207106805500000051
00004112009801503538893890
86454307055657635812103878
02020201010201020201010000
00000000000000000000003898
38993902390039016141352798
38973891389439033896389500
1922220000000000@@@@@@@@@@
29900022024843919023703203
33000122023225423096503201
12023012034329632065903200
00000000000000000003903200
00000000000000000001903200
00000000000000000000603200
00000000000000000008103200
00000000000000000004603200
00000000000000000006003200
~~~~
9.04
5.750
189.8
3.273
1.472
4.25
0.105
38.41
17.14
6.189
