1923511342790170@@@@@@@@@@
30990000100850750830790811
00000000000000000000000012
09809909709509209100000021
00004108709000800700004103
02020103020101020102094094
06000000000000000000000000
00000000000000000000004110
41114117411241136141352798
41144104410941154106410500
1923520000000000@@@@@@@@@@
39900522013911506026503201045
36021123024329521105003208001
00000000004924713105903200000
00000000004841110037503200000
00000000000310403070000000000
00000000000000000000000000000
00000000000000000000000000000
00000000000000000000000000000
00000000000000000000000000000
~~~~
9.000
6.625
101.8
3.955
2.509
2.608
0.292
29.85
16.67
6.602
