1922411430220240@@@@@@@@@@
11992452340560570520000001
00000018015312410107405921
18013209407605103300000041
00004309208103202839503951
20311913101112090912113939
01010101010101010101010000
00000000000000000000003958
39593966396039616141352798
39653952395739623956395500
1922420000000000@@@@@@@@@@
35700122024842019015703201
21010022013915312098003222
00000000000000000005003204
00000000000000000004703200
00000000000000000006503200
00000000000000000005903200
00000000000000000004203200
00000000000000000005103200
00000000000000000000000000
~~~~
4.111
5.97
51.05
7.78
2.585
1.380
0.164
25.74
52.14
6.028
