1922110925210000@@@@@@@@@@
11991221140670680660640002
00000008506304403302103221
06005204003102902500000011
00004300005900003838593860
09101519232821191415123847
02000000000002020202020000
00000018272321142500003872
38733869386538666141352798
38673862386838703863386100
1922120000000000@@@@@@@@@@
19951013104832009056503204434
32000023203924015114703200000
00000000004421714018155100000
00000000003110814006003200000
00000000000000000005903200000
00000000000000000007403200000
00000000000000000007503200000
00000000000000000000000000000
00000000000000000000000000000
~~~~
N/A
4.200
8.081
60.00
1.421
2.593
3.74
0.045
39.77
16.15
6.109
