1923110917792000@@@@@@@@@@
11990001680920910900620001
00000000000000000000000034
13812811911311010900000011
00004112012402502000003988
02010103010202010202093976
04010201030304040201010000
00000000000000000000003992
39933999399639976141352798
39983987399040003991398900
1923120000000000@@@@@@@@@@
23000023064811411028103201045
15000032053928771067503204444
00000000005025016035003200000
00000000004913110097403200000
00000000004315216086503200000
00000000000000000000000000000
00000000000000000000000000000
00000000000000000000000000000
00000000000000000000000000000
~~~~
6.686
6.643
7.56
0.19
2.871
1.196
0.044
156.0
192.4
6.542
