1923411238390110@@@@@@@@@@
11990001130920630620590571
05700000000000000000000042
09608807406906205200000001
00004308109201001600004068
03020203030201020202094059
09020408070909050507041110
12121004060505031261404075
40834084407740786141352798
40764069407440814073407200
1923420000000000@@@@@@@@@@
37231312004874113025003201
36041323004023012056503200
00000000000000000007503200
00000000000000000000000000
00000000000000000000000000
00000000000000000000000000
00000000000000000000000000
00000000000000000000000000
00000000000000000000000000
~~~~
6.833
6.00
1.481
0.23
0.736
2.618
0.020
45.59
15.15
7.29
