1932511444120320@@@@@@@@@@
12512572511541501391351361
13411023218212109506404843
14513710407305907600000032
00004100702710210805360537
18258071564834917432120523
05040813172204060913160000
00000000000000000000000545
05480539054005411417556200
05380543055105520554055000
1932520000000000@@@@@@@@@@
16000116034564016054600208003
13100316044723615104200214007
00000000004914313231000201254
00000000000000000005700200000
00000000000000000008100200000
00000000000000000003700200000
00000000000000000005000200000
00000000000000000009700200000
00000000000000000006000200000
~~~~
N/A
4.242
6.706
28.60
3.149
2.919
0.111
0.136
26.08
18.60
6.146
