1932411225230510@@@@@@@@@@
61512872301271060930880852
08408324023720918416517300
15816314012412312900000000
00002102202811711604970498
99985399673999963998100487
05030508111406091012150000
00000000000000000000000507
05080501050305051417556200
05000509051505110517051300
1932420000000000@@@@@@@@@@
00800322004341811010431414007
00000000002232409037400200000
00000000003927212074700200000
00000000000000000001000200000
00000000000000000006400200000
00000000000000000006500200000
00000000000000000000000000000
00000000000000000000000000000
00000000000000000000000000000
~~~~
N/A
11.08
6.513
49.47
3.733
3.852
1.085
0.128
39.15
192.7
6.133
