1931111615110140@@@@@@@@@@
62002912671701541720000000
00000000000000000000000000
00000000000000000000000000
00005215820100200800000000
98989800000000000000110303
05030300000000000000000101
00000000000000004403920333
03380330034203441417556200
03140317032803510329033200
1931120000000000@@@@@@@@@@
00000000004791603135013101
00000000000000000004200200
00000000000000000006000200
00000000000000000000532300
00000000000000000003700200
00000000000000000000000000
00000000000000000000000000
00000000000000000000000000
00000000000000000000000000
~~~~
3.310
6.621
59.47
0.20
2.364
1.300
0.105
102.5
140.7
N/A
