1932110915000000@@@@@@@@@@
12511351331041100991080971
09600006606906304403101944
09407806806005304800000032
00004102002011311503770382
41262425211728193634100360
02010104000000000000000000
00000000000000000000000389
03900385039503981416557200
03830381038803990392038400
1932120000000000@@@@@@@@@@
39921076044572813058100208001
00000000001319715105700200000
00000000004911716003700200000
00000000004312414001000200000
00000000000000000005000200000
00000000000000000006500200000
00000000000000000000000000000
00000000000000000000000000000
00000000000000000000000000000
~~~~
3.500
5.96
21.66
0.543
1.156
0.049
0.049
108.6
606.9
6.189
