1933511335191350@@@@@@@@@@
11510001100890940950940931
09409400000000000000000044
10709009008407506900000032
00004103503700000000000727
29231309121112222105110714
00000000000000000000000000
00000000000000000000000739
07410731073307351417552000
07320743074607470749075200
1933520000000000@@@@@@@@@@
39927521064821610095700200000
23000315003123216055000200000
00000000004532214053700200000
00000000004731509045100200000
00000000000000000000000000000
00000000000000000000000000000
00000000000000000000000000000
00000000000000000000000000000
00000000000000000000000000000
~~~~
N/A
1.33
6.00
22.50
0.19
2.909
0.714
0.109
8.66
16.90
6.177
