1933110820191110@@@@@@@@@@
61510001600891020900000002
00000000000000000000000013
13913713412112312400000000
00004154343117224900009604
19121210070506070511100594
05020305071002040507090000
00000000000000000000000623
06250607061406151417552000
06050611061006200619061700
1933120000000000@@@@@@@@@@
00000000004053213081000200000
00000000004723116103700200000
00000000000224014127400200000
00000000000000000008100200000
00000000000000000004700200000
00000000000000000000000000000
00000000000000000000000000000
00000000000000000000000000000
00000000000000000000000000000
~~~~
N/A
4.192
6.00
21.07
0.24
1.224
0.556
0.117
36.13
18.36
7.29
