1933210930191000@@@@@@@@@@
61510001640930980830000002
00000000000000000000000000
13713412511310909500000000
00004107006900000000000640
22191713121209050610100630
05000000000000000000000000
00000000000000000000000650
06560645065706591416552000
06430654066106460658066200
1933220000000000@@@@@@@@@@
00000000003979918055000201
00000000000911912153700200
00000000003210809105100200
00000000000000000006000200
00000000000000000005700200
00000000000000000003300200
00000000000000000000000000
00000000000000000000000000
00000000000000000000000000
~~~~
1.50
6.627
25.68
0.630
1.235
1.319
0.121
178.9
17.50
6.176
