1932611601170000@@@@@@@@@@
61512582522061811411161070
10000000000000000000000000
00000000000000000000000000
00004102002011511500000000
95979700000000000000110566
05061013151505030202020000
00000000000000000000000585
05860000057905821417556200
05770580059205880591059300
1932620000000000@@@@@@@@@@
00000000004790704324700200000
00000000000000000006500200000
00000000000000000001000200000
00000000000000000008100200000
00000000000000000005700200000
00000000000000000003700200000
00000000000000000007400200000
00000000000000000005000200000
00000000000000000006000200000
~~~~
N/A
2.500
6.00
24.21
1.040
1.382
1.017
0.132
11.42
17.36
N/A
