1933311035190000@@@@@@@@@@
61510001491381341370000001
00000000000000000000000044
11310009408907205100000032
00004189689500000000000678
08060708142022140807100668
00000000000000000000000000
00000000000000000000000680
06820008000900101417552000
06790001000400060002000500
1933320000000000@@@@@@@@@@
00000000004331519053700201254
00000000004042522036900200000
00000000003220202016000200000
00000000000000000004700200000
00000000000000000005700200000
00000000000000000008100200000
00000000000000000004900200000
00000000000000000006000200000
00000000000000000000000000000
~~~~
6.833
6.745
29.58
3.571
1.350
0.319
0.333
90.00
17.38
7.26
