1930211725000000@@@@@@@@@@
43001361331231251171131131
11111112310709908407700043
00000000000000000000000032
00000059059038813300000000
00000000000000000000000000
10010101010101010101010406
08131410131316190000003235
32373239324192420547100120
32403243324432473245324600
1930220000000000@@@@@@@@@@
23051310005049019175024204454
12051322004043010097424200000
00000000001811307043924200000
00000000003113013051224200000
00000000000000000004724200000
00000000000000000006524200000
00000000000000000006924200000
00000000000000000000000000000
00000000000000000000000000000
~~~~
N/A
5.042
7.605
181.0
16.26
0.12
0.679
2.09
150.6
143.2
N/A
