1933411215191140@@@@@@@@@@
30510001401020000990991001
00000000000000000000000043
13013113213313112700000032
00004113000000000000000685
13201420332926272820090013
00000000000000000000000000
00000000000000000000000705
07110692069707031417552000
06930696070105880707070800
1933420000000000@@@@@@@@@@
13255125004821407084900200000
00000000000942115058100200000
00000000003112721107400200000
00000000004531214056500200000
00000000000000000003700200000
00000000000000000005000200000
00000000000000000004200200000
00000000000000000005100200000
00000000000000000004600200000
~~~~
N/A
3.300
6.639
27.71
3.034
2.739
7.55
0.133
1.42
99.74
6.534
