1932311127240910@@@@@@@@@@
62512282211401291050810812
07207123423322521620717100
18717815613612511200000000
00005103001011411404490451
98975039999899999998120435
05040710141704071013170000
00000000000000000000000463
04640455045704621417556200
04540473046704820453046500
1932320000000000@@@@@@@@@@
08300322004723208995000201254
00000000003953907081000208003
00000000001332505108100200000
00000000000000000006000200000
00000000000000000003700200000
00000000000000000003900200000
00000000000000000005100200000
00000000000000000000000000000
00000000000000000000000000000
~~~~
11.02
5.750
22.58
1.387
2.259
0.104
0.129
9.90
17.61
6.194
