1943510945191150@@@@@@@@@@
30000000000000000000000002
00000000000000000000000012
00000000000000000000000000
00004115001500801600003310
07941312111211111720113329
00000000000000000000000000
00000000000000000000003317
33113328331233169574125311
33083314331933250000330900
1943520000000000@@@@@@@@@@
22100022111330606010541114
00000000114821509018100200
00000000134752211010000000
00000000120000000000000000
00000000110000000000000000
00000000150000000000000000
00000000120000000000000000
00000000130000000000000000
00000000130000000000000000
~~~~
5.398
N/A
N/A
N/A
1.96
N/A
0.044
N/A
N/A
6.085
