1942211234320370@@@@@@@@@@
61202502230690660610000002
00000025224021419518113112
19012504609407707200000000
00004386408700300630653062
97989888899796969676123026
02000305060000000000000000
00010500000002042900843057
30583055306030599574125311
30563048306430463043304200
1942220000000000@@@@@@@@@@
32170029093964110097000200
00000000104811212028100200
00000000100232109030000000
00000000090000000000000000
00000000710000000000000000
00000000080000000000000000
00000000070000000000000000
00000000100000000000000000
00000000080000000000000000
~~~~
8.167
6.731
3.636
0.600
1.94
3.65
0.113
49.25
16.67
6.534
