1941111640310160@@@@@@@@@@
12982552291391201100000002
00000018016113412010708324
17716115915514511100000000
00004304004001603429612960
21190906090806080709112940
05000203030506070808090000
02030400010304054862002955
29572951295929583475182611
29522963296729532968296600
1941120000000000@@@@@@@@@@
23031125104860908011000204444
00000000124640910054900201444
00000000100000000004700200000
00000000110000000000000000000
00000000110000000000000000000
00000000120000000000000000000
00000000110000000000000000000
00000000110000000000000000000
00000000110000000000000000000
~~~~
4.214
6.700
92.90
3.800
2.190
7.71
0.025
485.1
618.1
N/A
