1942311407120240@@@@@@@@@@
12323122941301030000000002
00000027326429621219316524
16114610408506105500000000
00004139122601704030863084
94989897372754604897103069
00010101010202030303030000
00000000000000000000003096
30973082309931049574125811
30803088310630943089309100
1942320000000000@@@@@@@@@@
37576192085041607038100204444
00000000084332013056400200000
00000000094512108007400200000
00000000080817012000000000000
00000000004812016010000000000
00000000090000000000000000000
00000000080000000000000000000
00000000070000000000000000000
00000000090000000000000000000
~~~~
9.06
5.96
7.91
0.21
3.200
3.51
0.153
31.97
233.7
6.129
