1943311530191170@@@@@@@@@@
62000000000000000000000002
00000000000000000000000030
00000000000000000000000030
00004134030101001000003254
11120911090808101012103220
00000000000000000000000000
00000000000000000000003230
32323234324532529574125811
32333237324932583250325100
1943320000000000@@@@@@@@@@
22010122105034827220555104454
00000000114024424255000200000
00000000134532913250000000000
00000000153111813010000000000
00000000100312115050000000000
00000000110000000000000000000
00000000110000000000000000000
00000000130000000000000000000
00000000120000000000000000000
~~~~
N/A
2.231
5.95
8.82
0.23
3.600
3.63
0.302
184.6
16.00
6.114
