1943411435191160@@@@@@@@@@
11000000000000000000000002
00000000000000000000000023
00000000000000000000000000
00004114007003802100003291
07040506060709080707123264
00000000000000000000000000
00000000000000000000003286
32883277328933029574121811
32763294330632973296330000
1943420000000000@@@@@@@@@@
38811215142832812048100204
00000000125045010070000000
00000000134014019000000000
00000000111211509000000000
00000000121711510000000000
00000000120000000000000000
00000000730000000000000000
00000000730000000000000000
00000000720000000000000000
~~~~
6.667
6.618
54.60
1.789
2.261
N/A
0.04
6.44
219.6
6.77
