1942111020000180@@@@@@@@@@
00762222011021031010000001
00000016511470809508007432
19313512510809309100000020
00000004804000100929942993
18242435326765823530112978
05010101010202020202020102
03050700000002050791002990
00002989300130050000000-00
30082992300629950000000000
1942120000000000@@@@@@@@@@
23048345704054011037500208344
00000000101331612026000204444
00000000114820404015000200000
00000000090000000007400200000
00000000090000000000000000000
00000000060000000000000000000
00000000090000000000000000000
00000000090000000000000000000
00000000120000000000000000000
~~~~
N/A
11.02
6.732
137.3
0.25
N/A
N/A
0.128
40.12
17.53
7.26
