1943111150190130@@@@@@@@@@
12000000000000000000000001
00000000000000000000000022
00000000000000000000000011
00004187581107802000003254
08090010070808090607103151
00000000000000000000000000
00000000000000000000003177
31783176317931809574125711
31653172318131673174317500
1943120000000000@@@@@@@@@@
34410010134861416022624114017
00000000110511708000524100000
00000000123123422160000000000
00000000114511007000000000000
00000000110000000000000000000
00000000110900000000000000000
00000000120000000000000000000
00000000270000000000000000000
00000000190000000000000000000
~~~~
2.192
5.96
5.38
0.23
1.97
7.58
0.104
10.91
266.0
4.517
