1943211300190180@@@@@@@@@@
12000000000000000000000001
00000000000000000000000022
00000000000000000000000011
00004408508500800600003210
06060508080706050506103186
00030300000000000000000000
02030103020102010100153203
32043211320632073574125711
31963209321331973201320000
1943220000000000@@@@@@@@@@
00000000004871610025000204454
00000000004316810001000201454
00000000004622511070000000000
00000000000000000000000000000
00000000000000000000000000000
00000000000000000000000000000
00000000000000000000000000000
00000000000000000000000000000
00000000000000000000000000000
~~~~
4.500
6.727
44.70
2.000
6.76
0.699
0.035
9.46
266.4
6.182
