1942411503270140@@@@@@@@@@
11802652631621610000000001
00000016715514313012211155
18716713910008908300000043
00004306314200400431393138
95807369969493969296103113
00000000000000000000000000
00000000000000000000003131
31403130313331417574125811
31293134314631473124312600
1942420000000000@@@@@@@@@@
00000000124531010010141100000
00000000115032810023700200000
00000000104112011001000200000
00000000894831212010000000000
00000000110000000000000000000
00000000110000000000000000000
00000000080000000000000000000
00000000170000000000000000000
00000000120000000000000000000
~~~~
1.37
6.583
21.29
19.33
2.261
7.52
0.104
161.2
266.2
7.30
