1953211159391360@@@@@@@@@@
30100001670620490170000001
00000000000000000000000055
11306205305104203900000043
00004101801502501500003453
06120305050624070706103443
00000000000000000000000000
00000000000000000000003454
34553456345834598546171120
34573462346334603464346500
1953220000000000@@@@@@@@@@
22005114064972007044753101
00000000044321006034224208
00000000022218014150141200
00000000030000000007024200
00000000040000000003924200
00000000010000000000000000
00000000070000000000000000
00000000000000000000000000
00000000040000000000000000
~~~~
4.045
5.90
94.28
3.600
3.514
3.235
0.287
8.88
15.36
6.156
