1953411446391360@@@@@@@@@@
30100001941171720000000001
00000000000000000000000055
14513713212211911400000043
00004403605401402900003515
03010403050603040304103504
02010101010101010101018104
02020301031011010000003516
35173518352135238546171120
35203526353035243527952800
1953420000000000@@@@@@@@@@
24005011053780707010524208
00000000074822012065024201
00000000050000000008124200
00000000000000000000000000
00000000000000000000000000
00000000000000000000000000
00000000000000000000000000
00000000000000000000000000
00000000000000000000000000
~~~~
N/A
6.583
55.38
0.744
3.600
7.78
0.154
178.0
2.759
6.160
