1952311310000230@@@@@@@@@@
30102572531742041521491441
13212923021118916614413143
16816515713711209900000032
00004109506500301633383339
30517999655697473152093329
00000000000000000000000000
00000000000000000000003340
33413344334833498546171120
33473350335133543353335200
1952320000000000@@@@@@@@@@
00000000000343014025013201434
00000000004831210038124200000
00000000004731507056024200000
00000000000000000007624200000
00000000000000000000000000000
00000000000000000000000000000
00000000000000000000000000000
00000000000000000000000000000
00000000000000000000000000000
~~~~
N/A
2.414
6.708
120.6
3.818
2.393
1.150
0.146
36.53
16.39
6.053
