1952411536150240@@@@@@@@@@
61102852732022391991891761
16416121220679819117715622
25321618215613912300000011
00004128129001301433733374
15082109131305032005093364
00000000000000000000000000
00000000000000000000003375
33763377337933808546171120
33783385338400003381338200
1952420000000000@@@@@@@@@@
00000000003967706035053208
00000000004034519053914204
00000000003710505990000000
00000000000000000000000000
00000000000000000000000000
00000000000000000000000000
00000000000000000000000000
00000000000000000000000000
00000000000000000000000000
~~~~
5.357
6.683
43.39
3.667
2.385
0.682
0.168
37.02
16.77
6.160
