1953311315391670@@@@@@@@@@
12100001390920890930930001
00000000000000000000000055
11010109508307506800000043
00004102000001306800003484
01050703020104040000103473
00000000000000000000000000
00000000000000000000003485
34863487348939908546171120
34883491349234953494349300
1953320000000000@@@@@@@@@@
23005114044936017038153209091
00000000024622012055024201155
00000000044850602016524208031
00000000100000000000000000000
00000000030000000000000000000
00000000050000000000000000000
00000000040000000000000000000
00000000030000000000000000000
00000000050000000000000000000
~~~~
N/A
3.206
6.531
48.38
0.733
2.556
1.386
N/A
77.22
43.20
6.074
