1953110953391280@@@@@@@@@@
30100002220951000870840001
00000000000000000000000043
16414913111209707900000032
00004404103804203600003401
02030309040703010203093392
10010101010101010101010605
05010101049106100000003402
34063410341234138546171120
34113418341934163420342100
1953120000000000@@@@@@@@@@
24005179053116019256524201155
00000000024862578066000008031
00000000043623621030000000000
00000000074712022180000000000
00000000020000000000000000000
00000000010000000000000000000
00000000000000000000000000000
00000000030000000000000000000
00000000010000000000000000000
~~~~
6.714
6.613
51.05
3.130
3.306
3.403
0.145
164.4
16.67
6.128
