1952111122000360@@@@@@@@@@
30152312251570891570790741
06906819113909108507606855
10909208307606105300000043
00004385607801306132803283
87564998979799978395103270
04010101010101010101010303
03030400000100000901103284
32853286328932908546171120
32883291329232983294329500
1952120000000000@@@@@@@@@@
28007110034841514074824101434
25001110015012815996024204434
23001110013922816146924100000
26601710024712014991013200000
39901110041821814060000000000
28001110030000000000000000000
25001110010000000000000000000
38001110030000000000000000000
26601110020000000000000000000
~~~~
5.333
9.02
42.44
1.784
4.41
3.55
0.116
40.15
126.3
6.250
