1961111630000000@@@@@@@@@@
12902482291241120000000001
00000016912217810510108932
17614812412009408100000022
00000007107637440100150016
90959499898091947891100005
00010000000000000000000101
01010101010101010050050017
00180019002100226074238519
00200025002600230027002800
1961120000000000@@@@@@@@@@
36000115083611111105000204
00000000093241815046900200
00000000100252120060000000
00000000080000000000000000
00000000100000000000000000
00000000110000000000000000
00000000110000000000000000
00000000100000000000000000
00000000080000000000000000
~~~~
11.01
5.700
1.176
0.561
1.200
0.080
0.104
10.37
17.05
7.27
