1962110902000000@@@@@@@@@@
12901591320450920930420411
04109007607206806706606532
06806706406306106000000022
00004112913718528200140015
45678987375659717788100004
00020304040506000000000000
00000000000000000000000016
00170018002000216074238519
00190024002700220025002600
1962120000000000@@@@@@@@@@
28000115104004513137424204
21300063104800706014924200
00000000084904014013724200
00000000110000000005124200
00000000090000000008024200
00000000080000000008124200
00000000100000000000000000
00000000080000000000000000
00000000100000000000000000
~~~~
4.500
6.726
58.71
1.784
0.523
1.466
0.147
107.1
16.36
6.533
