1962411257000000@@@@@@@@@@
12902482440660650640620621
00000022419419118918217943
22019518818518117700000032
00004306705401304100920093
99938467819699999889090083
00010304040404040404041214
14160808211318101141220094
00950096009800996074238519
00970105010401000103010200
1962420000000000@@@@@@@@@@
36300175104562212017624204444
00000000094723016057924200000
00000000111321513050000000000
00000000090000000000000000000
00000000100000000000000000000
00000000100000000000000000000
00000000100000000000000000000
00000000090000000000000000000
00000000100000000000000000000
~~~~
11.09
N/A
N/A
N/A
1.91
0.714
0.044
N/A
N/A
7.35
