1962211008000000@@@@@@@@@@
12902081970460960460450451
04504412412217210810109832
13012812612211410300000022
00004314716811617300420043
88767473545147626535100032
00010304040405060000000202
02030202020202020900950044
00450046004800496074238619
00470052005500500054005300
1962220000000000@@@@@@@@@@
28100554091361410038124204634
22300515104821010057424200000
00000000104324314083724200000
00000000080000000000000000000
00000000030000000000000000000
00000000100000000000000000000
00000000090000000000000000000
00000000030000000000000000000
00000000080000000000000000000
~~~~
N/A
3.235
9.22
59.17
0.12
1.104
1.409
0.146
181.5
18.17
6.693
