1963411242930150@@@@@@@@@@
12900001760990570470430382
03603100000000000000000011
12212011710910409800000000
00004105506301602900000093
70717165707170706970090084
00020407091100000000000000
00000000000000000000000094
00950096009800996074238519
00970102010501000104010300
1963420000000000@@@@@@@@@@
30100322003971607208124200000
00000000009752315023729200000
00000000004542015040000000000
00000000000000000000000000000
00000000000000000000000000000
00000000000000000000000000000
00000000000000000000000000000
00000000000000000000000000000
00000000000000000000000000000
~~~~
6.143
9.18
8.75
1.774
3.455
2.500
0.155
185.6
16.65
6.225
