1963311210931000@@@@@@@@@@
12900001170400610390340321
02802300000000000000000032
00000000000000000000000022
00004107609614106700000068
75757274737271727070090059
00030507071100000000000000
00000000000000000000000069
00700071007300746074233519
00720080007700750078007900
1963320000000000@@@@@@@@@@
20500022004602915193724200000
20100332009801509023924200000
12100014000000000007424200000
00000000000000000006424200000
00000000000000000008124200000
00000000000000000008053100000
00000000000000000000000000000
00000000000000000000000000000
00000000000000000000000000000
~~~~
11.12
6.608
47.20
15.83
1.250
1.125
0.128
10.77
49.81
6.244
