1963217031930120@@@@@@@@@@
12901347270470920970390331
02502210709807406305004211
09907806905504703900000011
00004122907617308900000041
77726979514681733542090032
00010102040000000000000000
00000000000000000000000042
00430044004600476074238519
00450050005300480052005100
1963220000000000@@@@@@@@@@
12700302094953117063724200000
14100315104841617037424200000
27300324103210606008124200000
00000000090000000005024200000
00000000100000000000000000000
00000000080000000000000000000
00000000100000000000000000000
00000000090000000000000000000
00000000100000000000000000000
~~~~
6.800
6.000
9.00
1.318
2.205
1.042
0.131
93.26
89.63
6.647
