1962517417000030@@@@@@@@@@
12902272211491571080991041
09909716719812008507706732
15815212810707806000000022
00004200208802607901190120
93958284978592779387090110
00010202030500000000000000
00000000000000000000000121
01220123012501266074238519
01240129013201270130013100
1962520000000000@@@@@@@@@@
18900013109913371105924200000
27400023119353213033724200000
00000000091543015074924200000
00000000100000000000000000000
00000000110000000000000000000
00000000100000000000000000000
00000000090000000000000000000
00000000090000000000000000000
00000000100000000000000000000
~~~~
N/A
4.333
6.745
57.23
3.459
3.263
7.70
0.149
573.9
605.0
6.221
