1963110930931110@@@@@@@@@@
12901451401381377281241181
11010812712412110810410011
10008107303803102200000011
00004100200311208900140015
03020203090604070350090005
00030407090000000000000000
00000000000000000000000016
00170018002000216074238519
00190024002700220025002600
1963120000000000@@@@@@@@@@
38200304094914713255129201154
29900706104881306029724200000
00000000104614716210000000000
00000000090000000000000000000
00000000110000000000000000000
00000000090000000000000000000
00000000100000000000000000000
00000000100000000000000000000
00000000110000000000000000000
~~~~
N/A
11.06
6.750
46.66
3.269
1.278
0.667
0.050
7.143
4.324
6.238
