2011111543962000@@@@@@@@@@
12991170971051050000000001
00000009008707807107006744
09409509509208207600000032
00004103803619920029252933
18161714121313131312122913
00000000000000000000000000
00000000000000000000002926
29272936292829298672514100
29342941294229372938294000
2011120000000000@@@@@@@@@@
17600110023944019053913200000
00000000013691516044213200000
00000000004320806006013200000
00000000040000000000000000000
00000000010000000000000000000
00000000000000000000000000000
00000000000000000000000000000
00000000000000000000000000000
00000000000000000000000000000
~~~~
2.104
6.598
58.60
18.60
0.346
1.326
0.05
4.42
261.9
6.246
