2012111129962000@@@@@@@@@@
12991291211171261151151161
00000011110710610410310043
11611210610310108500000032
00004101402601201230063005
00000000000000000000122986
00000000000000000000000000
00000000000000000000002998
30003011300130022675141000
30033019302130153017301800
2012120000000000@@@@@@@@@@
19000710003962013051013208
00000000004371916008113204
00000000001311114005713200
00000000004621713006524100
00000000000000000006013200
00000000000000000000000000
00000000000000000000000000
00000000000000000000000000
00000000000000000000000000
~~~~
4.385
6.662
50.76
1.857
2.949
1.336
0.04
162.5
196.5
6.028
