2012311420310000@@@@@@@@@@
30991601567491221217081037
09809873010909809208207844
14814313312812609600000032
00004103303300500730803081
00000000000000000000123068
00000000000000000000000000
00000000000000000000003082
30833091308430852765141000
30863100309930890000309700
2012320000000000@@@@@@@@@@
34300124023663617047513214
00000000014321717005013204
00000000014722415005113200
00000000010000000006513200
00000000020000000000000000
00000000020000000000000000
00000000000000000000000000
00000000000000000000000000
00000000000000000000000000
~~~~
1.46
5.95
51.51
3.529
0.109
3.71
0.04
175.2
12.19
6.669
