2012511012961000@@@@@@@@@@
12991567521131240000000001
00000013913672512112011343
11410910610410009800000032
00004115911803401829682978
15161699177717999999122956
00000000000000000000000000
00000000000000000000002969
29702979297129720000000000
29732982298329762981298000
2012520000000000@@@@@@@@@@
54900342003934975056073208037
00000000004350504035713204454
00000000004621612005113200000
00000000000000000003913200000
00000000000000000000000000000
00000000000000000000000000000
00000000000000000000000000000
00000000000000000000000000000
00000000000000000000000000000
~~~~
N/A
9.16
6.615
53.02
3.667
1.190
0.545
0.04
3.049
16.39
7.27
