2012411536710150@@@@@@@@@@
01991621061231281230000002
00000011210510009809208110
15816014914413812500000010
00004106006000601031233122
00000000000000000000113105
00000000000000000000000000
00000000000000000000003116
31173121311831192675141000
31203128312931243127312600
2012420000000000@@@@@@@@@@
49900114014682721045713204444
05200014024322420005913200000
00000000030000000001013200000
00000000020000000006513200000
00000000000000000000505600000
00000000000000000000000000000
00000000000000000000000000000
00000000000000000000000000000
00000000000000000000000000000
~~~~
1.32
6.686
182.4
3.481
2.450
1.469
0.164
41.56
13.90
6.537
