2023411157930000@@@@@@@@@@
12991531350000000000000001
00000017516912012108708143
10409908907707206800000032
00004100000000000033103321
67969165959594949793103311
00000000000000000000000000
00000000000000000000003324
33273328332533266248137590
33233331333533403334333300
2023420000000000@@@@@@@@@@
37836213003926228083900200000
29700214004331506010651100000
00000000004920408076000200000
00000000004831010013700200000
00000000004611506024200200000
00000000000000000006500200000
00000000000000000000100200000
00000000000000000000000000000
00000000000000000000000000000
~~~~
9.04
6.552
27.87
1.571
0.540
1.148
0.04
176.2
14.42
7.26
