2023210952930000@@@@@@@@@@
11990800000000000000000001
00000010009809200000000022
00000000000000000000000011
00004100000000000032663268
00000000000000000000103278
00000000000000000000000000
00000000000000000000003260
32633265326132626248137590
32743269327732753271327000
2023220000000000@@@@@@@@@@
34076715004832916049800204
00000000004320301006000200
00000000003730306016900200
00000000003112916014600200
00000000003911920080000000
00000000000000000000000000
00000000000000000000000000
00000000000000000000000000
00000000000000000000000000
~~~~
3.500
5.64
105.2
3.111
3.055
4.03
0.04
10.80
17.75
6.038
