2022110921930000@@@@@@@@@@
11991077050810000000000001
00000009809108207507106621
08207106806606406100000011
00004317400016500031123113
16181210081719181718103094
43181919191700000000000000
00000000000000002150003106
31113105310831106248137500
31043116311931143118311700
2022120000000000@@@@@@@@@@
26071715009861370039700200000
35500000003113216007400200000
00000000003933517065000200000
00000000000000000000541100000
00000000000000000006500200000
00000000000000000000741100000
00000000000000000008100200000
00000000000000000003700200000
00000000000000000000000000000
~~~~
5.500
5.833
1.176
0.611
2.067
1.314
0.314
164.0
18.00
7.29
