2023817615930000@@@@@@@@@@
00000000000000000000000000
00000000000000000000000000
00000000000000000000000000
00004100000000000000000000
00000000000000000000000000
02010069850505040504040000
00000000000000000000000000
00000000000000006248137590
00003449345000003443344200
2023820000000000@@@@@@@@@@
00000000003121006040000000000
00000000003740204010000000000
00000000004320101050000000000
00000000004611509000000000000
00000000004512010000000000000
00000000000000000000000000000
00000000000000000000000000000
00000000000000000000000000000
00000000000000000000000000000
~~~~
2.227
6.00
21.66
0.556
0.707
1.118
0.04
11.61
18.60
N/A
