2023511353220000@@@@@@@@@@
00001320001321331331340000
00000000000000000000000000
00000000000000000000000000
00005400000000000000000000
91939794959392969797103360
03000103060605040402010000
00000000000000000250353346
33473359334933500000000000
33453353335433573352335100
2023520000000000@@@@@@@@@@
00000000004511008204900200
00000000003790302016000200
00000000000000000004600200
00000000000000000005900200
00000000000000000000000000
00000000000000000000000000
00000000000000000000000000
00000000000000000000000000
00000000000000000000000000
~~~~
3.375
5.694
28.62
1.647
1.197
2.848
0.04
12.26
16.16
N/A
