2023110908930000@@@@@@@@@@
11000000000000000000000001
00000000000000000000000022
00000000000000000000000011
00004100000000000032463245
00000000000000000000000093
00000000000000000000000000
00000000000000000000003238
32403244323932436284137590
32373255325632503253325200
2023120000000000@@@@@@@@@@
20600022004322510024700200000
30100322004627409076500200000
00000000004921009016900200000
00000000003922915016000200000
00000000004820805010000000000
00000000000000000000000000000
00000000000000000000000000000
00000000000000000000000000000
00000000000000000000000000000
~~~~
6.565
5.96
21.12
0.600
1.484
1.074
0.116
11.82
16.08
6.033
