2022211039937000@@@@@@@@@@
12990990000000000000000001
00000009908607900000000044
00000000000000000000000032
00004200000000000031413142
25262727220707081806113122
00000000000000000000000000
00000000000000000000003137
31363135313331386248137500
31343147314631393145314400
2022220000000000@@@@@@@@@@
29991015004890810046900200000
33000120000000000006500200000
35541010000000000007400200000
00000000000000000004213100000
00000000000000000007500200000
00000000000000000000000000000
00000000000000000000000000000
00000000000000000000000000000
00000000000000000000000000000
~~~~
9.10
5.554
20.69
0.519
0.333
1.198
0.04
81.55
15.88
4.74
