2023611431520000@@@@@@@@@@
12000000000000000000000001
00000000000000000000000043
00000000000000000000000032
00004300000000000034103409
00000000000000000000103379
02020405070507080700000204
04050707070800000000003397
34013390339633986248137590
34113407340834033405340600
2023620000000000@@@@@@@@@@
35000014004851926040733100000
31200022003954727055900200000
00000000000000000006400200000
00000000000000000004900200000
00000000000000000006000200000
00000000000000000004600200000
00000000000000000000000000000
00000000000000000000000000000
00000000000000000000000000000
~~~~
11.06
5.94
9.46
0.22
1.397
4.07
0.04
11.18
12.17
N/A
