2022411437730000@@@@@@@@@@
11991341570000000000000001
00000011508507506100000043
11807906906506305800000032
00004300000000000031993200
03040404050204030704093210
00000000000000000000000000
00000000000000000000003194
31973198319331926248137500
32023205320932033206320700
2022420000000000@@@@@@@@@@
37300122004871817034724103
00000000004315017006900200
00000000003921816046513100
00000000000000000000000000
00000000000000000000000000
00000000000000000000000000
00000000000000000000000000
00000000000000000000000000
00000000000000000000000000
~~~~
8.250
6.568
29.03
1.116
1.278
0.661
7.06
181.3
17.40
4.69
