2022311257830000@@@@@@@@@@
12001501480680640000000001
00000013011009809308707022
10108608007607206800000011
00004301701531044631773163
60323745989746352427103151
03010101010102010101010303
03030303030303030060093167
31693161317631666248137500
31623173317531783171317200
2022320000000000@@@@@@@@@@
21500115034860407021000200000
33500310502510304031955100000
00000000004336727045700200000
00000000000000000008100200000
00000000000000000004800200000
00000000000000000004924100000
00000000000000000000000000000
00000000000000000000000000000
00000000000000000000000000000
~~~~
N/A
4.286
6.00
185.4
1.600
N/A
0.612
0.04
33.86
16.97
6.250
