2033110818920000@@@@@@@@@@
61100640530560550560550562
05605805205305305805906010
06407007107107307400000000
00004125125808909004090408
15161732081617171327100396
01061011101315000000000000
00000000000000000000000412
04130407041404158157214600
04060417042104100419042000
2033120000000000@@@@@@@@@@
00000000004823519116000200000
00000000004084721085100200000
00000000000000000004700200000
00000000000000000001000200000
00000000000000000005000200000
00000000000000000000000000000
00000000000000000000000000000
00000000000000000000000000000
00000000000000000000000000000
~~~~
2.150
5.99
3.92
0.18
0.09
1.154
0.306
75.38
17.29
6.176
