2033210919950120@@@@@@@@@@
61100780730970950980981022
10310308307606306005905400
06205605305205105200000000
00004121122400700604500451
20181211421416322212100433
00000000000000000000000000
00000000000000000000000443
04440448044504468157214600
04470455045804520456045700
2033220000000000@@@@@@@@@@
00000000003750502804813100000
00000000001810706994713100000
00000000004044642044613100000
00000000000000000005100200000
00000000000000000005700200000
00000000000000000007400200000
00000000000000000005900200000
00000000000000000006500200000
00000000000000000007500200000
~~~~
N/A
4.426
6.750
10.00
1.048
1.188
1.172
0.103
177.4
17.67
7.26
