2032211022932000@@@@@@@@@@
11100980961060990990990981
09809807707406806406206043
07206406105605305000000042
00004108107900400502850284
21232719202318212023120272
10142232344139434792545900
00000000000000000000000286
02890283029002918157214600
02820292029702860294029500
2032220000000000@@@@@@@@@@
22800323125082423997400200000
23100313124821616011000200000
23000123130000000006400200000
00000000000000000007600200000
00000000000000000004800200000
00000000000000000000000000000
00000000000000000000000000000
00000000000000000000000000000
00000000000000000000000000000
~~~~
N/A
3.353
5.99
1.429
0.040
3.867
1.476
0.336
175.9
15.82
4.74
