2032110916951000@@@@@@@@@@
11100001211051011041031031
09809709109008708708608343
09008808708508308100000032
00004104604604805402530255
16171916101011131512100241
10111919273237435952500000
00000000000000000000000258
02590254026002618157214600
02510262026702560264026300
2032120000000000@@@@@@@@@@
39931023139850606005000200000
35900013205053642047400200000
39900313170000000006500200000
00000000000000000004200200000
00000000000000000001000200000
00000000000000000005900200000
00000000000000000000900200000
00000000000000000000000000000
00000000000000000000000000000
~~~~
N/A
11.01
5.99
45.09
0.075
1.65
3.95
0.322
522.4
17.37
6.179
