2032511427210000@@@@@@@@@@
22101641611351371351351341
13313312112170109807706621
12112112312412412500000021
00004100500704904703870388
15212517211018092225120368
01102035332742394951470000
00000000000000000000000383
03840381038503868157214600
03820391039403890392039300
2032520000000000@@@@@@@@@@
19900112324013921991000200000
24100312174892621026500200000
22100322090000000004700200000
00000000000000000005900200000
00000000000000000007400200000
00000000000000000006000200000
00000000000000000005000200000
00000000000000000001100210000
00000000000000000004855100000
~~~~
N/A
11.02
6.632
22.10
0.25
0.309
1.364
0.145
76.97
5.714
N/A
