2032311132210000@@@@@@@@@@
61101631481081171181181180
11711700000000000000000000
00000000000000000000000000
00005108007900600500000000
62635966621821292210110302
01213271737225314869840000
00000000000000000000000315
03160319031703188157214600
03130322032503190323032400
2032320000000000@@@@@@@@@@
20700013004812513993900200
10900022000000000005000200
10200013000000000001000200
10100013000000000004800200
00000000000000000000524100
00000000000000000016500200
00000000000000000000000000
00000000000000000000000000
00000000000000000000000000
~~~~
1.47
5.542
5.41
0.250
1.068
1.442
0.309
46.72
17.12
5.075
