2032411241810120@@@@@@@@@@
61101631581231141111101100
10910900000000000000000000
00000000000000000000000000
00005108108000400400000000
24161714182426283132120333
01161920273239465364710000
00000000000000000000000346
03470335034803490157214600
03450352035803560351035000
2032420000000000@@@@@@@@@@
27300072183909909036500200000
20700012150000000002600200000
11100012140000000004700200000
00000000000000000000000000000
00000000000000000000000000000
00000000000000000000000000000
00000000000000000000000000000
00000000000000000000000000000
00000000000000000000000000000
~~~~
N/A
2.250
5.767
54.11
3.161
3.630
3.97
0.046
175.7
17.58
N/A
