2042311345150000@@@@@@@@@@
12992041881210990880000002
00000017418418718117717400
16416216116013012700000000
00004109612202700305800579
01030506050505051506110560
20030508121803040609130000
00000000000000000000000575
05760572057305741154226870
05710582058305770584058500
2042320000000000@@@@@@@@@@
11691020073934026061121100
25481104024931713048100200
26191206034631211020000000
00000000013111518000000000
00000000010000000000000000
00000000040000000000000000
00000000010000000000000000
00000000020000000000000000
00000000010000000000000000
~~~~
5.385
5.96
27.34
0.644
0.275
7.64
0.522
176.6
16.00
6.614
