2043311045390000@@@@@@@@@@
30990991030750880740720002
00000070010210310310109911
10210210310210210100000013
00004108246001201123532355
07050706060605060505202460
00000000000000000000000000
00000000000000000000002359
23612367236323651155422687
23562386238323962379238100
2043320000000000@@@@@@@@@@
15581064024945016084700204434
34891324003913925005700200000
25195056004712022005013100000
39995040043127122030000000000
00000000080000000000000000000
00000000100000000000000000000
00000000060000000000000000000
00000000030000000000000000000
00000000060000000000000000000
~~~~
N/A
N/A
6.571
26.51
3.110
0.741
1.458
0.05
172.8
16.99
6.670
