2042111019190000@@@@@@@@@@
30991181211561591501451421
00000009406305905705404931
18115114814714614300000010
00004400000000000004080410
00000000000000000000110492
10061017212807142024280202
05030206030105042652800503
04040407040504061154226870
04620511051605140512051300
2042120000000000@@@@@@@@@@
31061110001301017000102214007
31045020004383030058103200000
00000000005012534026003200000
00000000001812104030000000000
00000000000000000000000000000
00000000000000000000000000000
00000000000000000000000000000
00000000000000000000000000000
00000000000000000000000000000
~~~~
7.000
5.93
83.83
7.63
2.939
7.60
0.04
1.329
42.50
7.26
