2043110855390000@@@@@@@@@@
30991030001010980000000001
00000009609909909909709523
00000000000000000000000031
00004157951401200307020000
01010105050405040304110684
00000000000000000000000000
00000000000000000000000697
06980696069907001155422687
06950710071207030708070900
2043120000000000@@@@@@@@@@
01591014033132030155700200000
00000000064651512024724100000
00000000020000000000541100000
00000000020000000005000200000
00000000000000000000000000000
00000000000000000000000000000
00000000000000000000000000000
00000000000000000000000000000
00000000000000000000000000000
~~~~
N/A
N/A
5.95
10.00
0.547
1.222
8.27
1.143
510.9
539.0
6.188
