2042411450170000@@@@@@@@@@
12991691650941030930920002
00000015315415214812312133
16516416316216113500000030
00004112716300400706040603
02040405020202020303120621
10050708111506142023250000
00000000000000000000000605
06060609060706081154226870
06940612061406100615061600
2042420000000000@@@@@@@@@@
31090022073200614004855100000
32231022063110504115700200000
00000000054650709020000000000
00000000054931010020000000000
00000000093922620010000000000
00000000110000000000000000000
00000000070000000000000000000
00000000060000000000000000000
00000000020000000000000000000
~~~~
N/A
3.045
5.625
23.57
7.024
0.563
4.17
0.03
156.3
525.0
7.29
