2042211207120000@@@@@@@@@@
33991391971130000880880862
08508522522822622421821410
19318818417517016500000000
00004323500000100005460545
03313907050503020203120519
10051014192706121522310507
04050200000000002402450531
05320536053305341154226870
05350550055105410547054800
2042220000000000@@@@@@@@@@
31681022233101716004713103
00000000264682026015700200
00000000253914730028100200
00000000270914319100000000
00000000210000000000000000
00000000240000000000000000
00000000270000000000000000
00000000260000000000000000
00000000270000000000000000
~~~~
2.269
5.93
6.000
0.514
1.085
1.088
0.688
12.50
16.63
6.185
