2051111536961760@@@@@@@@@@
00991511227101091321321321
73213214714273913211708455
11009910610209806500000054
00005450030000300300200021
99996385999999589184100002
00080808080908080909090203
03010101030202021101700015
00160019001700181615784200
00140022002300120024002500
2051120000000000@@@@@@@@@@
00000000000000000005900201444
00000000000000000004600203434
00000000000000000004200204644
00000000000000000000000000000
00000000000000000000000000000
00000000000000000000000000000
00000000000000000000000000000
00000000000000000000000000000
00000000000000000000000000000
~~~~
4.286
5.99
26.34
0.20
2.370
7.53
0.175
175.3
18.47
6.576
