2053111519390130@@@@@@@@@@
11991531521091101080000001
00000008608508408608407743
07608308408007606300000042
00004200800102001900840085
24222324252728333332090069
00010102020201020202030503
03030202010303030280530081
00820083007900801615784200
00780086008900900087008800
2053120000000000@@@@@@@@@@
17400066454392515016000501
00000000633210608013900500
00000000710000000005100500
00000000790000000000000000
00000000670000000000000000
00000000990000000000000000
00000000630000000000000000
00000000730000000000000000
00000000780000000000000000
~~~~
3.269
N/A
N/A
N/A
2.800
0.600
0.04
N/A
N/A
6.750
