2053211132390000@@@@@@@@@@
12991171151067090990970001
00000011511411210810208521
09209509409208808500000021
00004101900801101100240025
85767566607688816976090010
00010102040402020305050000
00000000000000000000000021
00220023001900201615784200
00260030003200270031002900
2053220000000000@@@@@@@@@@
03000343874592012017513204
00000000610915712036513200
00000000710000000005100200
00000000670000000000000000
00000000000000000000000000
00000000000000000000000000
00000000000000000000000000
00000000000000000000000000
00000000000000000000000000
~~~~
5.250
5.99
10.00
1.615
1.436
1.258
0.05
12.50
16.00
6.149
