2053311305150130@@@@@@@@@@
12991141101000980970950001
00000010810009809809609543
08808708408107807400000042
00004105205400600500560055
20192022211821201918090041
00010202020400000000000000
00000000000000000000000052
00530057005000511615784200
00540060006300580062006100
2053320000000000@@@@@@@@@@
03636126164382515036913201434
00000000124822217076513200000
00000000120000000006000200000
00000000120000000000000000000
00000000150000000000000000000
00000000180000000000000000000
00000000120000000000000000000
00000000100000000000000000000
00000000120000000000000000000
~~~~
3.081
6.00
28.00
0.25
0.13
0.13
0.115
175.6
16.50
6.520
