2052111117962000@@@@@@@@@@
30991461190780800790790791
07907909408908708608307955
08108007907907707300000054
00004305802201001400240025
09101315141614131311090009
00030404050602030304062030
05152020203015050780860020
00210023001800191615784200
00220028003100260029003000
2052120000000000@@@@@@@@@@
29998063014902609064755100
00000000084801508048100200
00000000024003017000541100
00000000024200000003700200
00000000084300202296000200
00000000080000000006500200
00000000080000000007400200
00000000080000000005100200
00000000080000000007041100
~~~~
4.395
6.527
20.26
0.706
0.273
1.483
0.04
11.98
16.26
4.573
