2052311235820340@@@@@@@@@@
12991851721491311221211201
11911515515414813712311921
14314113813512612100000011
00004100800308007000690068
99999999999197986260090054
00000000000000000000000000
00000000000000000000000066
00670070006400651615784200
00630073007700710076007500
2052320000000000@@@@@@@@@@
29971340994054914015000207349
00000000994351309006500200000
00000000990000000005100200000
00000000980000000006000200000
00000000940000000005900200000
00000000980000000000641100000
00000000750000000000000000000
00000000670000000000000000000
00000000940000000000000000000
~~~~
N/A
1.45
5.536
51.05
0.554
2.417
1.138
0.05
512.0
16.67
6.175
