2052511618120560@@@@@@@@@@
11991711701247211150000002
00000014615015115014414000
14314214114013713400000000
00004105303707608101200121
99989999999999999999090111
00000000000000000000000000
00000000000000000000000126
01270122012401251615784200
01230131013201340128012900
2052520000000000@@@@@@@@@@
00000000003791005004713100000
00000000000000000006000200000
00000000000000000005000200000
00000000000000000007600200000
00000000000000000004913100000
00000000000000000000000000000
00000000000000000000000000000
00000000000000000000000000000
00000000000000000000000000000
~~~~
N/A
5.300
5.536
84.27
0.088
2.125
3.53
0.04
176.3
17.66
6.177
