2052411523460420@@@@@@@@@@
62992011821591581420000002
00000018619219319218617200
17316815315414814600000000
00004129831203102501000102
99999999999999999899090086
00000000000000000000000000
00000000000000000000000097
00980099009500961615784200
01010106010801030107010500
2052420000000000@@@@@@@@@@
00000000000000000005755101
00000000000000000000541100
00000000000000000005055100
00000000000000000003900200
00000000000000000005100200
00000000000000000000000000
00000000000000000000000000
00000000000000000000000000
00000000000000000000000000
~~~~
4.350
6.00
104.3
0.25
3.579
3.85
0.04
176.2
17.38
6.250
