2061111550911000@@@@@@@@@@
11051201050990880880850811
07907811711411010008607044
09909208707605204400000042
00004102004102208635493550
23261611060504040000113538
00000000000000000000000000
00000000000000000000003552
355335513555355@4745782170
35573562356335583561356000
2061120000000000@@@@@@@@@@
33000113003153019028100201344
34000214014841514015700200000
00000000003613725065000200000
00000000000000000006500200000
00000000000000000000000000000
00000000000000000000000000000
00000000000000000000000000000
00000000000000000000000000000
00000000000000000000000000000
~~~~
N/A
5.333
6.00
24.51
0.24
1.115
0.106
0.04
176.5
19.47
N/A
