91111153429200200000000000
41100000870910920920890851
08208000000000000000000044
08607105805504904700000032
00000023924100000000001021
31090709081009090708101022
03020203030303030000001617
17202524250000009999991017
10181006101910201718125459
10071009101210151013101400
1400026404571213024103514004
29900122003922517050131101254
00000000000913019100000000000
00000000000000000000000000000
00000000000000000000000000000
00000000000000000000000000000
00000000000000000000000000000
00000000000000000000000000000
00000000000000000000000000000
~~~~
11.01
5.91
8.34
0.25
N/A
8.42
0.175
43.75
1.081
N/A
