91221120591031000000000000
41700000781111120000000000
00000000000000000000000000
11712311210810410200000001
00000000100200100200000082
99999999999999999999090073
00000000000000000000000000
00000000000000000000000085
00860083008700981781257410
00840090009400890092009100
3992631204531314035724104640
00000000004622016050000008030
00000000003100021020000000000
00000000004013430100000000000
00000000000000000000000000000
00000000000000000000000000000
00000000000000000000000000000
00000000000000000000000000000
00000000000000000000000000000
~~~~
N/A
5.73
183.2
3.308
N/A
7.87
0.04
10.42
15.59
N/A
