91211111591114000000000000
42800000701051061061051051
10109900000000000000000032
06906806606506306200000021
00000000100200670000000050
99999999999999999999080042
00000000000000000000000000
00000000000000002601300053
00540051005700581971257410
00520061006400590063006200
2990021203951611046113280030
00000000004510508010000014010
00000000002821520010000000000
00000000003123522000000000000
00000000000000000000000000000
00000000000000000000000000000
00000000000000000000000000000
00000000000000000000000000000
00000000000000000000000000000
~~~~
11.64
5.93
8.55
0.24
N/A
4.30
0.029
12.06
19.69
N/A
