91231140561023000000000000
41701030991131141161100001
00000010910310009709208922
11710710009709208900000011
00000000200300800701120113
99999999999999999999080102
00000000000000000000000000
00000000000000000000000115
01160114011701181791257410
01110123012401190121012200
2994631504614119995013222030
26000311003982011054855280030
00000000004510607104113200000
00000000004013516080000000000
00000000000000000000000000000
00000000000000000000000000000
00000000000000000000000000000
00000000000000000000000000000
00000000000000000000000000000
~~~~
11.04
6.00
6.364
8.62
N/A
3.51
0.04
12.50
14.88
N/A
