91241163071000000000000000
51700001231081081071080000
00000000000000000000000000
00000000000000000000000000
00000000000101701800000000
99999999999999999999080155
00000000000000000000000000
00000000000000009608500164
01650000016601671781257410
01630172017301680171017000
0000000004532023033741200000
00000000004661620030000000000
00000000000000000000000000000
00000000000000000000000000000
00000000000000000000000000000
00000000000000000000000000000
00000000000000000000000000000
00000000000000000000000000000
00000000000000000000000000000
~~~~
11.11
7.224
120.7
16.63
N/A
8.04
0.01
90.13
59.39
N/A
