91321120823000200000000000
41101431311481491171101061
10410314816515611910408922
09711510110209109100000011
00000002602500000012461247
99999999999999999999111250
03010203030404060000000000
00000000000000009999991234
12351231123612371719124548
12331241124412481245123900
2200002104861713041925109250
36500243003936419066913208030
17021014003213211996013204440
00000000000000000007913200000
00000000000000000000000000000
00000000000000000000000000000
00000000000000000000000000000
00000000000000000000000000000
00000000000000000000000000000
~~~~
11.01
5.88
6.07
0.25
N/A
0.364
0.04
9.24
17.23
N/A
