31312000000000000000000000
44101160720991011160000001
00000011609507507307307221
09809208608608808500000010
00000007006700000012071288
99999999999999999899111188
02010101020202020202021817
35383928191614260210221218
12171200120312041918124547
12011210120912141213121100
24500122032234231233E0018E00
38016244004830706086400000000
00000000004337625068013000000
00000000004616721993903500000
00000000003313024170000000000
00000000000000000000000000000
00000000000000000000000000000
00000000000000000000000000000
00000000000000000000000000000
~~~~
1.50
7.663
5.17
0.23
N/A
7.78
0.04
7.14
16.00
N/A
