92111163039321200000000000
43040000910970970960960962
09509400000000000000000011
09609509309209209100000023
00000002702906606500000020
61627163657068716471100001
03010202020202030303020001
01000101010202020101000028
00200010001200131537171214
00320023002500300015001600
2600021304892012054724107830
29928313000000000000000000000
00000000000000000000000000000
00000000000000000000000000000
00000000000000000000000000000
00000000000000000000000000000
00000000000000000000000000000
00000000000000000000000000000
00000000000000000000000000000
~~~~
9.38
6.667
4.86
0.19
N/A
2.500
0.03
8.98
44.61
N/A
