92231115010017200000000000
44500000960640640640000001
00000000000000000000000032
07907507206906406100000022
00000003503603503400000081
99999930739999999999100062
01010101010101010101010000
00000000000000000080060088
00900072007900801538171214
00930078008600910077007500
1450011002513312206013214000
12200520004374422051624100000
00000000003213014140000000000
00000000004613025200000000000
00000000000000000000000000000
00000000000000000000000000000
00000000000000000000000000000
00000000000000000000000000000
00000000000000000000000000000
~~~~
11.52
8.27
22.97
16.05
N/A
7.76
2.37
39.91
9.905
N/A
