92241134039000200000000000
43500000950770760760750001
00000000000000000000000021
07907407206606205700000011
00000005605701701700000110
14131415141020141416090100
03010101010202020303030000
00000000000000003003500128
01270109011901211537181214
01120118012401290114011700
1450011002513312206013214000
12200520004374422051624100000
00000000003213014140000000000
00000000004613025200000000000
00000000000000000000000000000
00000000000000000000000000000
00000000000000000000000000000
00000000000000000000000000000
00000000000000000000000000000
~~~~
11.03
6.700
5.73
0.23
N/A
7.99
0.257
106.5
523.2
N/A
