92211091038025200000000000
43500000570850850850850862
08608600000000000000000010
05705805906006105900000012
00000003803701601500000015
10202030302010100030100001
20030302020203020302021622
21242503040506072352100027
00280020001700181537181214
00290016001900250012001100
2993802604351509014713214000
00000000003924519050000000000
00000000003113018990000000000
00000000004521712010000000000
00000000000000000000000000000
00000000000000000000000000000
00000000000000000000000000000
00000000000000000000000000000
00000000000000000000000000000
~~~~
5.174
6.650
8.68
16.25
N/A
3.56
0.519
12.50
87.50
N/A
