92221101038031200000000000
41500000660700700690710000
00000000000000000000000035
06406206106006005700000033
00000003503602702600000040
23201918151617223023100030
03010202030303030303030000
00000000000000000000000053
00540044004500461537181214
00520047005100550043004200
2390012204874016076513200000
15900123004515310071955200000
00000000004315615084113200000
00000000003213314150000000000
00000000000000000000000000000
00000000000000000000000000000
00000000000000000000000000000
00000000000000000000000000000
00000000000000000000000000000
~~~~
7.000
5.99
8.00
18.46
N/A
1.256
0.538
9.09
16.10
N/A
