92351135524000200000000000
42501730001411421261241231
00000019416515213711810222
00000000000000000000000011
00000024224300900901320000
99999999999999999999100114
03080705060607080606060000
00000000000000005005500147
01480124014301441538181214
01250131013801410126012900
3080001404510804996113214000
10200015003910302061224100000
00000000004731305030000000000
00000000001950201040000000000
00000000000000000000000000000
00000000000000000000000000000
00000000000000000000000000000
00000000000000000000000000000
00000000000000000000000000000
~~~~
11.02
6.750
143.1
7.75
N/A
8.20
0.292
28.33
40.28
N/A
