92381161926000200000000000
41301791371261271241200002
00000021716916514513012012
1391231161091C009700000000
00000016116200200202180220
99999999999999990000120207
03010101010101010101010000
00000000000000002603100227
02260224023002311538191214
02190223022502280222022100
2350012101950202020624100000
34200526001822317016913200000
00000000003122620050000000000
00000000004812513500000000000
00000000000000000000000000000
00000000000000000000000000000
00000000000000000000000000000
00000000000000000000000000000
00000000000000000000000000000
~~~~
11.48
5.90
7.29
0.241
N/A
8.79
0.04
8.33
9.84
N/A
