92371153522013200000000000
41501681061181181171151132
1131042091951751531401300$
13012912612111711300000000
00000027127001801901950194
99999999999999999999110180
03040605040402060607080000
00000000000000009909900205
02060197020102021539191214
02000196019902030191019300
3430006304811407994213200000
39900326003141007040000000000
00000000004631806030000000000
00000000002920102010000000000
00000000000000000000000000000
00000000000000000000000000000
00000000000000000000000000000
00000000000000000000000000000
00000000000000000000000000000
~~~~
N/A
6.750
6.24
0.22
N/A
2.794
0.04
11.76
17.39
N/A
