92361143023000200000000000
43501271391651651641601282
12612322016415415014613810
11310910509909208700000000
00000029129302702701790163
30202010301931323738120150
03010202020203030404030003
03020202010203042501700173
01740162017101721537181214
01670170016901770166016500
2300032204841206023913214000
11500532003935320046913200000
00000000004024017060000000000
00000000003112016060000000000
00000000000000000000000000000
00000000000000000000000000000
00000000000000000000000000000
00000000000000000000000000000
00000000000000000000000000000
~~~~
1.48
5.99
5.59
16.82
N/A
0.750
0.04
10.57
95.86
N/A
