92321102027037200000000000
41500960881431421271260002
00000014510707606405905812
06805405104904804700000000
00000009309202202300450046
99999999999999999999100029
03010101010101010101010000
00000000000000005006000042
00400039004000411637181214
00600051005600520048004900
1300031304733116045013214000
16018116004821715051955208000
00000000003231818178113200000
00000000003124024074713200000
00000000000000000000000000000
00000000000000000000000000000
00000000000000000000000000000
00000000000000000000000000000
00000000000000000000000000000
~~~~
11.74
7.600
25.47
8.90
N/A
1.056
0.369
44.71
138.0
N/A
