92311093525000200000000000
41500000681021021021000002
00000000000000000000000010
05104704504404304400000000
00000004404302102000000019
19201914151513141415100001
03010202030202030303040000
00000000000000005006000015
00280012001300141537181214
00270020002600220016001700
1080032203927721071224108000
20400322004612813040000000000
00000000004851010010000000000
00000000004922111070000000000
00000000000000000000000000000
00000000000000000000000000000
00000000000000000000000000000
00000000000000000000000000000
00000000000000000000000000000
~~~~
4.357
5.89
5.26
0.18
N/A
1.500
0.292
11.61
14.29
N/A
