92341124521012200000000000
41501801251081071061000972
09509123820315809807906200
09609208207206606100000000
00000005705002202100970098
99999999999999999999100080
03010101010102020303030000
00000000000000009909900101
01030090009400951537181214
00910096009901120093009200
3370012203945726024813104140
31800224004033421050000008000
00000000004914918120000000000
00000000003122019010000000000
00000000000000000000000000000
00000000000000000000000000000
00000000000000000000000000000
00000000000000000000000000000
00000000000000000000000000000
~~~~
11.06
5.94
8.889
0.588
N/A
0.659
0.04
12.19
18.12
N/A
