93111161749200100000000000
41500001120950920710680671
06606500000000000000000032
08407707106407206800000021
00000011011600200200003288
00000000000000000000093079
00000000000000000000000000
00000000000000000000003289
32903291329532864258361970
32923297329932933300330000
1310034204371115058124207030
12500214004155719034611208330
23700165003681004010000000000
00000000001722613140000000000
00000000000000000000000000000
00000000000000000000000000000
00000000000000000000000000000
00000000000000000000000000000
00000000000000000000000000000
~~~~
1.49
5.93
4.75
0.19
N/A
0.334
N/A
9.90
15.63
N/A
