93221100638000100000000000
41500000710860930960940851
08107900000000000000000021
06606506306406206000000011
00000002804606806500003365
42414244394541403640093344
00000000000000000000000000
00000000000000000000003353
33543305355635574258361970
33583961306433593362336300
1400032104024112027213207330
13700014004321307046013214010
15782250004124905024724300000
00000000004934709036113100000
00000000000000000000000000000
00000000000000000000000000000
00000000000000000000000000000
00000000000000000000000000000
00000000000000000000000000000
~~~~
N/A
7.650
21.32
1.167
N/A
N/A
0.03
40.38
87.40
N/A
