93261151438026100000000000
41500001451411241421321290
12612900000000000000000000
00000000000000000000000000
00000004004100700800000000
86967697989084908081093520
00000000000000000000000000
00000000000000000000003529
35303536353135324258361970
35333539354035343537353800
0000000003690304017513206330
00000000000000000008124107330
00000000000000000000131108330
00000000000000000006013204430
00000000000000000005013214010
00000000000000000000000000000
00000000000000000000000000000
00000000000000000000000000000
00000000000000000000000000000
~~~~
11.04
7.102
4.81
0.23
N/A
1.364
0.146
11.79
18.00
N/A
