93231112038000100000000000
41500000710981021001001002
09809500000000000000000012
08108508108107908300000001
00000003903700700600003375
62424144465142455847083366
00000000000000000000000000
00000000000000000000003376
33773378337933804258361970
33813387338633823384338500
3030003204813611004113107330
21000335002550204018113222330
00000000000122816025024108330
00000000000000000004713200000
00000000000000000004613100000
00000000000000000003913200000
00000000000000000000000000000
00000000000000000000000000000
00000000000000000000000000000
~~~~
11.17
5.81
4.57
0.20
N/A
0.561
0.04
8.64
16.47
N/A
