93241122138000100000000000
41500000891171181121211220
11911900000000000000000021
10311010709909909400000011
00000024423301301500003470
83999999808192988683093462
00000000000000000000000000
00000000000000000000003472
34733477347534764258361970
3H7834A2048334793481048400
1300051204871811024655114610
21000343003926428043913208330
21400031004520602028123107330
20500300000000000000000000000
00000000000000000000000000000
00000000000000000000000000000
00000000000000000000000000000
00000000000000000000000000000
00000000000000000000000000000
~~~~
N/A
5.82
10.00
0.667
N/A
N/A
N/A
28.04
9.032
N/A
