93211091938027100000000000
44500000630710760740710691
06406300000000000000000043
06005405406706506200000032
00000000100100400300003343
39383231232525252523103317
24303447343036546754360306
06070503020204021451603328
33293330334133424258361970
33333336333733343340333900
3904504604393014058112208330
14500055001323810046012207330
29900112004010402024713222030
12551023003920203015024100000
00000000000000000000000000000
00000000000000000000000000000
00000000000000000000000000000
00000000000000000000000000000
00000000000000000000000000000
~~~~
9.68
5.83
2.67
0.20
N/A
0.351
0.04
12.30
18.64
N/A
