93251140638026100000000000
41500001231151181181191191
11711600000000000000000032
09609109108508307900000021
00000004504200900600003505
37514170594762647587093496
00000000000000000000000000
00000000000000000000003507
35093506351035114258361970
30123516351935133515351800
1200032201352210028113208330
00000000003620503023913207330
00000000003121115044624106330
00000000004841917030000000000
00000000000000000000000000000
00000000000000000000000000000
00000000000000000000000000000
00000000000000000000000000000
00000000000000000000000000000
~~~~
11.25
8.30
87.27
0.24
N/A
8.48
0.362
9.25
13.13
N/A
