93361143544000100000000000
41501530871241131121091041
10709910412714813413011622
12811309608408208200000011
00000005104701000436773678
99999999999999999999083669
00000000000000000000000000
00000000000000000000003679
36803684368136824258361970
36833690368936853687368800
2803601503142109064713207330
19900512004842213011913201250
33000346004322014047424200000
27638156002531410044613200000
00000000000000000000141100000
00000000000000000000000000000
00000000000000000000000000000
00000000000000000000000000000
00000000000000000000000000000
~~~~
1.50
5.83
7.87
8.74
N/A
4.23
0.02
12.24
18.78
N/A
