93331102455041100000000000
41501040991031051141151162
11611706706406005705705611
09206605705605305500000001
00000001602200700836223606
77939999999999999999093597
00000000000000000000000000
00000000000000000000003608
36093610361136124258361970
36133619362136143616361700
0000000004144811010524207330
00000000004831405042624100000
00000000003915109005013200000
00000000004320301030000000000
00000000000000000000000000000
00000000000000000000000000000
00000000000000000000000000000
00000000000000000000000000000
00000000000000000000000000000
~~~~
11.02
8.26
7.57
0.23
N/A
7.77
0.03
37.50
8.780
N/A
