93311082355041100000000000
41500750540880860920940931
09208311410207206406306544
06105705705906507100000032
00000004103100800935663565
99999999999999999999083544
00000000000000000000000000
00000000000000000000003552
35533554355535564258361970
35573562356335583560356100
1120001404842514034624100000
11600045000211518008113200000
11000316004034521085713200000
11400032002520401014824200000
10400022000000000004713200000
11100031000000000000000000000
00000000000000000000000000000
00000000000000000000000000000
00000000000000000000000000000
~~~~
1.49
5.91
5.09
0.22
N/A
1.040
0.04
11.15
19.24
N/A
