93341115253021100000000000
41501181060940910920920922
09209014313711610311011300
09008809009009108900000001
00000005005201001036363637
99999999999999999999073629
00000000000000000000000000
00000000000000000000003638
36393642364036414258361970
36433648364936443646364700
3060032504821002054313222330
24000016003121616014713108330
21900146000511207027513207330
13700043000242417074103100000
00000000000000000006213200000
00000000000000000005024100000
00000000000000000007413200000
00000000000000000005713200000
00000000000000000000000000000
~~~~
11.62
5.91
6.17
0.096
N/A
3.095
0.03
12.37
18.48
N/A
