93321092555041100000000000
41501060921011011121091142
11511011310709708607006100
08707407006806706700000001
00000000000000100335793580
99999999999999999999093570
00000000000000000000000000
00000000000000000000003581
35823583358435854258361970
35863590359235873589359100
1110000203986733025013207330
30300335002520703014613200000
21514014003111313036013200000
10900331004810502081955200000
00000000000000000008113200000
00000000000000000005713200000
00000000000000000006913200000
00000000000000000000000000000
00000000000000000000000000000
~~~~
11.01
5.85
5.39
0.22
N/A
7.52
0.04
12.16
18.11
N/A
