94111161239221000000000000
44990001021061061000990962
09409000000000000000000055
10310210109809609300000043
00000000000000000000003067
80152333293718311725093089
04040607080704060607060202
03050402030304030220253069
30703068307130728519171140
30740000308030763086308300
0000000000000000000000000000
00000000000000000000000000000
00000000000000000000000000000
00000000000000000000000000000
00000000000000000000000000000
00000000000000000000000000000
00000000000000000000000000000
00000000000000000000000000000
00000000000000000000000000000
~~~~
N/A
8.27
5.83
0.16
N/A
3.88
0.02
11.14
18.31
N/A
