94221120959051000000000000
43300001130950951030970941
09008800000000000000000014
12312812511210510400000011
00000000000011311100450033
79797978797980777980090000
04030407131405081216190305
06081104050810122742920036
00370034003800398519171140
00350043004200400046004400
2220032204014317025013204430
12600516004544712011424100000
00000000002616422058113200000
00000000003720305025013100000
00000000004333729010000000000
00000000000000000000000000000
00000000000000000000000000000
00000000000000000000000000000
00000000000000000000000000000
~~~~
11.04
8.28
8.61
N/A
N/A
0.745
0.015
46.42
545.1
N/A
