94231130818111000000000000
43990001271131120910860841
08207900000000000000000035
13812811210510210000000033
00000039936407906500000079
79787879797978797878090056
04010101020301010202030000
00010100000101010000000074
00770078007500768519171140
00680080008100720084008200
1970081204050405014824104440
02400523004348043015055100000
06900320004532422020000000000
00000000000518827050000000000
00000000000000000000000000000
00000000000000000000000000000
00000000000000000000000000000
00000000000000000000000000000
00000000000000000000000000000
~~~~
11.07
5.97
6.89
0.167
N/A
1.036
0.147
12.50
19.78
N/A
