94211100256120000000000000
41400000770950960941000972
09709500000000000000000043
07707207106906706600000022
00000000000000000000000015
68685538364239534948090005
04010204050601020406070101
02030301020203040000000016
00170014001800198519171140
00200025002800230031003000
0991151601716020090141100000
14200144000235828051955100000
00000000002212515061413200000
00000000004380202020000000000
00000000000000000000000000000
00000000000000000000000000000
00000000000000000000000000000
00000000000000000000000000000
00000000000000000000000000000
~~~~
11.06
8.26
8.53
1.921
N/A
2.643
0.050
91.07
42.54
N/A
