94251145800000000000000000
41990001251151151131101062
10310100000000000000000021
15114513012612312200000003
00000000600600300600000132
79787878797878777978090112
04010202030501020303040000
00010100000000010000000126
01250127012301318519171140
01300136013301280135013400
2250032204361006015013204440
14100345001711808086255105040
09900316001703218021424102250
12800323000000000000000000000
00000000000000000000000000000
00000000000000000000000000000
00000000000000000000000000000
00000000000000000000000000000
00000000000000000000000000000
~~~~
5.470
5.97
6.43
0.250
N/A
2.300
0.007
26.47
5.714
N/A
