94321100052021000000000000
44000000000000000000000002
00000000000000000000000024
00000000000000000000000027
00000003703702202000000185
79787978787979787878090169
04010101010101010201010102
04020101020401010110090179
01800178018101828519171140
01830191018801860192019000
0000000004372523014713208000
00000000004820502016355100400
00000000005023326015013000000
00000000004515131026413000000
00000000003226233020000000000
00000000002222924020000000000
00000000000000000000000000000
00000000000000000000000000000
00000000000000000000000000000
~~~~
4.300
6.688
4.79
0.23
N/A
0.622
0.02
31.81
9.333
N/A
