94351135552010000000000000
41000000000000000000000000
00000000000000000000000000
00000000000000000000000000
00000005806309730900100017
79087878787878787878090021
0H000101010201010102020000
00010200000001010000000005
00190020000800098519171140
00120006000700130018201515
0570031304555218027713204600
12417555004835715015013200000
00000000004324618014824100000
00000000000000000006613400000
00000000000000000000131100000
00000000000000000008113000000
00000000000000000000000000000
00000000000000000000000000000
00000000000000000000000000000
~~~~
9.27
5.98
4.81
0.24
N/A
1.160
N/A
12.12
7.143
N/A
