94341123851021000000000000
41000000000000000000000001
00000000000000000000000001
00000000000000000000000001
00000028929012813602380239
79787878797878787878090224
04030304050502020303040001
01010200000101020000000234
0235023302370236$519171140
02400243024402410245024600
1990004404832300045013204040
15200015005044611026013203250
13715543003917317010000000000
00000000002522713050000000000
00000000000000000000000000000
00000000000000000000000000000
00000000000000000000000000000
00000000000000000000000000000
00000000000000000000000000000
~~~~
1.47
6.607
5.47
0.22
N/A
1.147
0.375
11.46
5.000
N/A
