94311090052021000000000000
41990000000000000000000002
00000000000000000000000035
00000000000000000000000033
00000050050144244001560157
79787878797879797878090139
04020202030401020203040001
01010200000101020000000149
01500148015101528519171140
01530159016001540162016100
2570032503233918020505122040
13415516004851005015013200000
08600523004533016010000000000
09900345000000000000000000000
08400532000000000000000000000
00000000000000000000000000000
00000000000000000000000000000
00000000000000000000000000000
00000000000000000000000000000
~~~~
6.353
5.97
3.92
0.20
N/A
8.28
0.010
33.82
19.66
N/A
