94331110552011000000000000
41000000000000000000000001
00000000000000000000000024
00000000000000000000000012
00000009009001101202040205
79725359556567725766080195
04010203030401020203030102
03040500010203040000000206
02070203020802098519171140
02120213021402100218021700
0280012204310102016613201030
05410546005013224017813214050
00000000004852518015013200000
00000000000000000000000000000
00000000000000000000000000000
00000000000000000000000000000
00000000000000000000000000000
00000000000000000000000000000
00000000000000000000000000000
~~~~
11.03
5.99
7.48
0.23
N/A
1.204
0.04
29.41
17.98
N/A
