94361151052011000000000000
00000000000000000000000002
00000000000000000000000033
00000000000000000000000034
00000010010778379200480049
80796475677170766469090031
04010203030402030305070000
01020500010305061951700030
00450040004300428519171140
00440051005000460053005200
3990011504632813034824102440
13000540004330403017713000000
09000146004842022010000000000
39900315000000000000000000000
00000000000000000000000000000
00000000000000000000000000000
00000000000000000000000000000
00000000000000000000000000000
00000000000000000000000000000
~~~~
11.28
8.27
6.03
0.20
N/A
0.536
0.004
28.84
41.33
N/A
