95111154569221000000000000
54110870871000990990990981
09709509909609309108608421
09909609309108608400000011
00000004504600000001640165
90474747474747474747100128
15060810120704081108050101
02020202020202021071030153
01560139014501475146271810
01240149010301620150015400
0000000000000000006924114670
00000000000000000000424104430
00000000000000000006213200000
00000000000000000004824300000
00000000000000000000000000000
00000000000000000000000000000
00000000000000000000000000000
00000000000000000000000000000
00000000000000000000000000000
~~~~
11.06
N/A
N/A
N/A
N/A
N/A
0.04
N/A
N/A
N/A
