95251164518000000000000000
41111261261091071050000002
00000015816415915515014200
15816415915515014200000000
00000009309800000003360337
89888888888888888888100319
05000101020300010203030000
00000000000000009999990342
03430332033403355147261810
03330347035203380345034900
0000000000000000007124100000
00000000000000000006913100000
00000000000000000000131300000
00000000000000000000000000000
00000000000000000000000000000
00000000000000000000000000000
00000000000000000000000000000
00000000000000000000000000000
00000000000000000000000000000
~~~~
4.237
N/A
5.08
0.100
N/A
0.314
0.05
10.00
19.76
N/A
