95211102068018000000000000
30110680640940930950930001
00000008808608508408408332
06206406606907207500000021
00000008608700000002000191
89888888888888888888100168
05030302010204030303020302
03020101020202020320280184
01850178018901945146271810
01860188019301800195019900
3480010204842816134713204430
39900155003113319003913203650
16300010003716418006223100000
12600066002833211065913300000
00000000003611210004815200000
00000000000000000000000000000
00000000000000000000000000000
00000000000000000000000000000
00000000000000000000000000000
~~~~
11.08
6.667
4.59
0.21
N/A
1.296
0.05
12.50
15.44
N/A
