95241161016000000000000000
41111221221491481431410002
00000017218918016715010900
17218918016715010900000000
00000037737800000003060307
89888888888888888888120282
05020303040501020204040000
00000000000000004054550309
03100295031103125196277810
03140305031803000303031300
0000000004850704054924114000
00000000004011003000404200000
00000000004631606020000000000
00000000001313318000000000000
00000000000000000000000000000
00000000000000000000000000000
00000000000000000000000000000
00000000000000000000000000000
00000000000000000000000000000
~~~~
11.08
5.92
5.56
0.23
N/A
0.653
0.05
12.45
18.59
N/A
