95231150817000000000000000
12111251250840820810000002
00000012312011711310210000
12312011711310210000000000
00000024224400000002720271
90898989898989898989110250
05000102020201020301020000
00000000000000000720380274
02760262026302645146271810
02610280026902780277026700
3990025504522411065013208330
14800012004821512037413201430
24100310001312510000000000000
00000000003423313010000000000
00000000001910705000000000000
00000000004622315050000000000
00000000000000000000000000000
00000000000000000000000000000
00000000000000000000000000000
~~~~
11.39
5.94
5.67
0.23
N/A
0.348
0.03
12.43
19.38
N/A
