95221113269013000000000000
11110950951161171111101082
00000014013811610609409210
14013811610609409200000000
00000006206400000002230224
89888888888888888888100201
05010203030502050404040102
02000001020300005005500217
02190212021502165146271810
02110226022102130227022000
3990031204044118030131102050
39900115004831610903900513410
28056030003021405054913200000
00000000004512411006913200000
00000000000000000000000000000
00000000000000000000000000000
00000000000000000000000000000
00000000000000000000000000000
00000000000000000000000000000
~~~~
11.31
5.85
5.86
0.23
N/A
0.035
0.03
7.65
13.70
N/A
