95321133221000000000000000
41111801521381381070000001
00000024015212008607306621
12610209008807607200000011
00000014414500000004670469
91909090909090909090130434
05010203030601020303050000
00000000000000006697890452
044804490H5404565146271810
0H500470046504570468045900
3080002204522507000101204130
00000000002025013004106507030
00000000004663318017413200000
00000000000000000008113200000
00000000000000000000000000000
00000000000000000000000000000
00000000000000000000000000000
00000000000000000000000000000
00000000000000000000000000000
~~~~
9.74
5.96
4.60
0.19
N/A
0.115
0.04
12.07
18.63
N/A
