95311120500018000000000000
12111371141211221210000001
00000022519015312211709322
11511309108508007100000011
00000002502800000003940402
89909090909090909090110419
05000102010101010101020305
04030202030403020310300375
03760373037703805146271810
03740398039303850397038800
3780012203621712094106508030
36700513003213217015724207030
16500241002814417006113200000
29995066004642419036913200000
00000000001327014070000000000
00000000000000000000000000000
00000000000000000000000000000
00000000000000000000000000000
00000000000000000000000000000
~~~~
5.063
5.900
4.32
0.19
N/A
3.205
0.04
8.77
18.60
N/A
