96111160096200000000000000
41200000880111080000000002
00000000000000000000000033
08207507207006606500000042
00000000500406005800000012
60505457575255595254100001
00000000000000000000000000
00000000000000000000000013
00150018001600171971257410
00110020001900210023002400
3990011303123218045013208030
27000015004012015010000008030
00000000001843315070000000000
00000000003921110030000000000
00000000000000000000000000000
00000000000000000000000000000
00000000000000000000000000000
00000000000000000000000000000
00000000000000000000000000000
~~~~
9.74
9.04
123.7
0.22
N/A
1.250
N/A
43.11
141.4
N/A
