96261161157000200000000000
41101331321111100960950942
09209017016214213713613711
13112612111210610500000001
00000003203000000005090505
99999999999999999999100480
03010102030405060000001616
14161514160000009999990492
04930494049104901918125457
04950501050204960500049900
2300002104933017095013208030
17000014004661213047824116030
30500023003113230997513214030
00000000000000000000131104480
00000000000000000000000000000
00000000000000000000000000000
00000000000000000000000000000
00000000000000000000000000000
00000000000000000000000000000
~~~~
11.08
5.97
6.10
0.20
N/A
0.062
0.04
7.43
19.59
N/A
