96241115868000200000000000
43100000870920900940920921
09108900000000000000000022
08808608207908707800000011
00000001902000000000000449
52141412131514141215100427
03020304060606080000001818
17172218200000001151130442
04430437043804391718125449
04480444044704500446044500
1400002204861612018113200000
26000214004643021026413200000
22316145000000000005013100000
00000000000000000003713200000
00000000000000000000000000000
00000000000000000000000000000
00000000000000000000000000000
00000000000000000000000000000
00000000000000000000000000000
~~~~
4.344
5.93
4.85
18.86
N/A
8.68
0.05
10.63
18.27
N/A
