96221101518000200000000000
43101231061091100990960001
00000010610109208808508622
10808409208808708600000011
00000001601400000010781077
99262427252726252426111086
02020303030301010203012446
31949968698617220250271067
10701074107110721718125459
10731082108110791083108500
3503154303213013066913108030
11500122004880807025013200000
12216045003919727100000000000
19900515000000000000000000000
00000000000000000000000000000
00000000000000000000000000000
00000000000000000000000000000
00000000000000000000000000000
00000000000000000000000000000
~~~~
8.712
8.27
5.48
0.22
N/A
7.98
0.04
10.96
18.37
N/A
