96281162026000200000000000
41101881461381401341301242
12112017319419018718717100
16317715413714013900000001
00000002402700000005780584
99999999999999999999100559
03050810111200000000001715
16171500000000009999990574
05750571057205731817125459
05700580058205760579058300
2993614304680402074955114010
24500014004020906520231108340
13000222000000000000000004430
36000043000000000000000000000
21100066000000000000000000000
00000000000000000000000000000
00000000000000000000000000000
00000000000000000000000000000
00000000000000000000000000000
~~~~
8.825
6.750
4.35
0.24
N/A
7.73
0.04
8.14
20.00
N/A
