96271164557000200000000000
54102081291501521050960942
09109019715711009208308411
13911808408008708000000001
00000008808700000005290530
99999999999999999999090507
03010101020404050000001817
19171817170000001201150519
05200516051705181817125459
05210525052705220526052800
2200002204912119155013208030
12000014003911714204924104430
00000000004541422037813116030
00000000004641217027413200000
00000000000000000003903500000
00000000000000000003305500000
00000000000000000000000000000
00000000000000000000000000000
00000000000000000000000000000
~~~~
6.800
5.98
4.74
0.20
N/A
0.11
0.05
11.45
17.78
N/A
