96211085469000200000000000
41100000710690680790820791
07908100000000000000000043
06207007107408307500000032
00000002302500000000001045
63121011131211121011111049
03010203030404050000001715
17171418170000009999991040
10411036103910481718125459
10371062106510421064106600
2300002204861011017424208030
24200065003922213105013209030
19000044004711215250131100000
00000000004914014116413200000
00000000000000000003903500000
00000000000000000000000000000
00000000000000000000000000000
00000000000000000000000000000
00000000000000000000000000000
~~~~
11.78
7.179
8.387
0.21
N/A
0.093
0.02
9.09
2.105
N/A
