96331120512017000000000000
41201180570860840830000001
00000012109408207406205122
08207506706105505000000011
00000000000000000102460247
99999999999999999000090237
00000000000000000000000000
00000000000000009999990249
02500248025102521771259410
02530256025902540258025700
2550001204632528204713208030
23046015004523019404824208330
34010022001726720100000022330
00000000004334326100000000000
00000000000000000000000000000
00000000000000000000000000000
00000000000000000000000000000
00000000000000000000000000000
00000000000000000000000000000
~~~~
11.07
7.655
24.03
1.200
N/A
0.357
0.031
42.27
55.29
N/A
