96311100512016000000000000
44700000950760750760000001
00000000000000000000000043
09008407106305504700000032
00000000200300300400000202
99999999999999999999080194
03020305030201010101010803
06030808110611083700550205
02060203020702081781259410
02040212021402090213021100
3800012504541812015013208030
27211113004637029100000008330
00000000002216428050000007330
00000000003114820300000009330
00000000000000000000000022330
00000000000000000000000016330
00000000000000000000000000000
00000000000000000000000000000
00000000000000000000000000000
~~~~
11.03
7.250
5.90
0.21
N/A
3.87
0.03
7.41
19.38
N/A
