96341130012012000000000000
41201601131201180990000001
00000019015112610008306132
09708307606906105400000022
00000000000000900802690270
99999999999999999999090260
00000000000000000000000000
00000000000000000000000273
02740271027502761781259410
02720279028202770281028000
1350001204324321077413204250
15510016004622327046113208030
02846015004542022050000022330
00000000003910101990000000000
00000000000000000000000000000
00000000000000000000000000000
00000000000000000000000000000
00000000000000000000000000000
00000000000000000000000000000
~~~~
11.14
5.94
8.84
0.038
N/A
7.65
2.39
11.25
17.31
N/A
